15 0.351074 0.516113 0.233398 0.264648
15 0.100098 0.492676 0.188477 0.272461
15 0.221680 0.256348 0.216797 0.243164
15 0.096191 0.079102 0.190430 0.156250
15 0.336914 0.070312 0.238281 0.134766
15 0.619629 0.075684 0.229492 0.135742
15 0.881836 0.076660 0.220703 0.145508
15 0.722168 0.257324 0.247070 0.202148
15 0.626465 0.486328 0.268555 0.232422
15 0.891113 0.500000 0.217773 0.269531
15 0.493164 0.723633 0.283203 0.212891
15 0.793457 0.704590 0.133789 0.155273
15 0.944824 0.724609 0.110352 0.218750
15 0.883789 0.904297 0.232422 0.191406
15 0.623535 0.907227 0.235352 0.185547
15 0.377930 0.914062 0.255859 0.171875
15 0.090332 0.916016 0.168945 0.154297
15 0.220215 0.721680 0.227539 0.224609
