15 0.178223 0.152832 0.266602 0.213867
15 0.459473 0.147461 0.258789 0.203125
15 0.738281 0.142090 0.226562 0.213867
15 0.940430 0.163086 0.119141 0.224609
15 0.359863 0.333496 0.204102 0.204102
15 0.611816 0.349609 0.247070 0.216797
15 0.875488 0.355957 0.249023 0.215820
15 0.502930 0.576660 0.294922 0.284180
15 0.744629 0.561035 0.184570 0.268555
15 0.943359 0.569336 0.113281 0.236328
15 0.337891 0.826172 0.250000 0.208984
15 0.587402 0.843750 0.237305 0.244141
15 0.862305 0.817383 0.275391 0.275391
