15 0.721191 0.182617 0.295898 0.298828
15 0.436523 0.182617 0.287109 0.300781
15 0.157227 0.177734 0.312500 0.269531
15 0.295898 0.403320 0.271484 0.279297
15 0.562988 0.408203 0.313477 0.269531
15 0.827148 0.407227 0.257812 0.232422
15 0.719238 0.619141 0.280273 0.251953
15 0.433105 0.621582 0.305664 0.291992
15 0.140137 0.626953 0.268555 0.291016
15 0.273926 0.830078 0.319336 0.326172
15 0.564453 0.847656 0.296875 0.267578
15 0.810547 0.846680 0.326172 0.259766
15 0.070801 0.865234 0.139648 0.246094
15 0.949219 0.635742 0.101562 0.232422
15 0.086426 0.381836 0.170898 0.287109
15 0.943359 0.202637 0.113281 0.208008
