15 0.374023 0.405273 0.267578 0.246094
15 0.226562 0.164062 0.308594 0.298828
15 0.110840 0.408203 0.217773 0.224609
15 0.243652 0.672363 0.319336 0.274414
15 0.509766 0.654297 0.322266 0.330078
15 0.365723 0.858887 0.268555 0.274414
15 0.648926 0.845703 0.297852 0.275391
15 0.798340 0.627930 0.356445 0.306641
15 0.880859 0.862305 0.224609 0.275391
15 0.793945 0.175781 0.279297 0.251953
15 0.639648 0.385742 0.322266 0.236328
15 0.517578 0.183105 0.246094 0.295898
15 0.876465 0.407227 0.247070 0.316406
