15 0.305176 0.152344 0.282227 0.253906
15 0.582520 0.157227 0.266602 0.273438
15 0.858398 0.154297 0.273438 0.277344
15 0.423828 0.356445 0.298828 0.304688
15 0.699219 0.364746 0.255859 0.264648
15 0.161621 0.370605 0.229492 0.245117
15 0.297852 0.605469 0.273438 0.232422
15 0.568359 0.592773 0.267578 0.277344
15 0.078125 0.600586 0.152344 0.289062
15 0.083008 0.154785 0.154297 0.280273
15 0.925781 0.365723 0.148438 0.239258
15 0.439941 0.830078 0.206055 0.238281
15 0.706543 0.835938 0.272461 0.251953
15 0.913574 0.826660 0.172852 0.270508
