15 0.315918 0.485352 0.293945 0.363281
15 0.581055 0.479980 0.291016 0.303711
15 0.712891 0.244141 0.330078 0.291016
15 0.845703 0.492676 0.308594 0.331055
15 0.726562 0.695801 0.304688 0.315430
15 0.464844 0.701172 0.275391 0.281250
15 0.194824 0.722656 0.274414 0.269531
15 0.594727 0.896484 0.304688 0.207031
15 0.868652 0.893066 0.262695 0.213867
15 0.323730 0.893066 0.272461 0.213867
15 0.093750 0.498535 0.185547 0.364258
15 0.177734 0.230957 0.242188 0.274414
15 0.424316 0.244141 0.276367 0.287109
