15 0.208984 0.123047 0.298828 0.244141
15 0.491211 0.123047 0.312500 0.244141
15 0.794434 0.120605 0.245117 0.223633
15 0.099121 0.372559 0.172852 0.174805
15 0.329590 0.332031 0.250977 0.236328
15 0.614746 0.344727 0.249023 0.222656
15 0.878906 0.343750 0.242188 0.234375
15 0.213379 0.578125 0.227539 0.189453
15 0.496582 0.558105 0.268555 0.258789
15 0.759766 0.570312 0.234375 0.203125
15 0.087402 0.777832 0.172852 0.239258
15 0.319336 0.799316 0.242188 0.211914
15 0.610352 0.797852 0.271484 0.230469
15 0.871582 0.772461 0.256836 0.232422
