15 0.068359 0.242188 0.134766 0.255859
15 0.268555 0.246094 0.216797 0.232422
15 0.546875 0.263184 0.281250 0.249023
15 0.813477 0.267090 0.251953 0.249023
15 0.445312 0.485840 0.294922 0.241211
15 0.069336 0.720215 0.136719 0.325195
15 0.138184 0.916016 0.229492 0.167969
15 0.406738 0.894043 0.284180 0.211914
15 0.305664 0.722168 0.117188 0.104492
15 0.513184 0.718262 0.209961 0.247070
15 0.682617 0.909668 0.250000 0.176758
15 0.916992 0.903320 0.166016 0.193359
15 0.853027 0.712891 0.131836 0.134766
15 0.931641 0.525879 0.136719 0.247070
15 0.915527 0.077637 0.168945 0.137695
15 0.705566 0.069824 0.260742 0.129883
15 0.431152 0.076660 0.252930 0.131836
15 0.162109 0.071289 0.277344 0.128906
