15 0.452637 0.270020 0.198242 0.176758
15 0.736816 0.274414 0.235352 0.208984
15 0.180176 0.275391 0.176758 0.160156
15 0.100586 0.505859 0.187500 0.291016
15 0.327637 0.512695 0.266602 0.298828
15 0.601562 0.515625 0.271484 0.294922
15 0.873535 0.501953 0.252930 0.306641
15 0.214844 0.730469 0.251953 0.255859
15 0.478027 0.724121 0.219727 0.264648
15 0.756348 0.740234 0.325195 0.324219
15 0.336914 0.902344 0.271484 0.195312
15 0.610840 0.916016 0.219727 0.167969
15 0.609375 0.070801 0.238281 0.139648
15 0.863770 0.074219 0.223633 0.146484
15 0.326660 0.070312 0.266602 0.138672
