15 0.094238 0.164062 0.180664 0.246094
15 0.378418 0.154785 0.245117 0.225586
15 0.641113 0.160156 0.252930 0.236328
15 0.898926 0.179688 0.198242 0.197266
15 0.245117 0.386230 0.257812 0.286133
15 0.500488 0.391113 0.235352 0.284180
15 0.752441 0.373047 0.245117 0.283203
15 0.371582 0.594238 0.208008 0.235352
15 0.138672 0.609375 0.261719 0.242188
15 0.049805 0.873047 0.097656 0.250000
15 0.243652 0.849609 0.266602 0.275391
15 0.489746 0.839844 0.245117 0.275391
15 0.903809 0.616699 0.192383 0.284180
15 0.743164 0.847656 0.269531 0.257812
15 0.656250 0.601562 0.250000 0.253906
