15 0.238770 0.221191 0.213867 0.223633
15 0.132812 0.463867 0.248047 0.220703
15 0.408691 0.449707 0.288086 0.250977
15 0.641113 0.446777 0.247070 0.219727
15 0.882324 0.441895 0.231445 0.239258
15 0.797363 0.226074 0.258789 0.235352
15 0.532227 0.671387 0.242188 0.227539
15 0.262207 0.671875 0.315430 0.251953
15 0.118164 0.891602 0.234375 0.216797
15 0.375000 0.888672 0.287109 0.222656
15 0.648926 0.888672 0.252930 0.222656
15 0.909668 0.897949 0.180664 0.198242
15 0.513672 0.214355 0.275391 0.225586
15 0.119141 0.061523 0.230469 0.121094
15 0.631348 0.048828 0.229492 0.095703
15 0.360352 0.058105 0.271484 0.112305
15 0.050781 0.236328 0.099609 0.212891
