15 0.272949 0.157715 0.225586 0.233398
15 0.541016 0.169922 0.232422 0.207031
15 0.800781 0.161133 0.251953 0.238281
15 0.138184 0.388184 0.252930 0.262695
15 0.414551 0.407715 0.284180 0.250977
15 0.672363 0.408203 0.237305 0.248047
15 0.900879 0.409180 0.192383 0.271484
15 0.071777 0.640625 0.141602 0.248047
15 0.252930 0.622559 0.251953 0.245117
15 0.509766 0.614258 0.261719 0.238281
15 0.772461 0.623047 0.277344 0.273438
15 0.126465 0.863281 0.250977 0.273438
15 0.378906 0.861816 0.275391 0.276367
15 0.659668 0.861816 0.276367 0.276367
15 0.885742 0.868164 0.228516 0.263672
15 0.062988 0.159180 0.124023 0.203125
