15 0.764160 0.059082 0.250977 0.116211
15 0.491699 0.065430 0.252930 0.121094
15 0.203125 0.056641 0.291016 0.111328
15 0.131348 0.249023 0.260742 0.224609
15 0.369629 0.221680 0.295898 0.255859
15 0.627930 0.257324 0.322266 0.274414
15 0.884277 0.238281 0.225586 0.312500
15 0.776855 0.477539 0.319336 0.308594
15 0.481445 0.481445 0.345703 0.306641
15 0.226562 0.489746 0.236328 0.264648
15 0.046875 0.494141 0.091797 0.205078
15 0.112793 0.731445 0.223633 0.304688
15 0.341309 0.704102 0.389648 0.269531
15 0.624023 0.709473 0.289062 0.299805
15 0.860352 0.729980 0.279297 0.282227
15 0.461914 0.897461 0.328125 0.181641
15 0.732910 0.902832 0.278320 0.186523
15 0.218262 0.891602 0.317383 0.207031
