15 0.137695 0.240234 0.246094 0.308594
15 0.405273 0.255371 0.277344 0.290039
15 0.688965 0.255859 0.282227 0.292969
15 0.269531 0.484375 0.279297 0.298828
15 0.536133 0.490723 0.314453 0.290039
15 0.800781 0.476074 0.296875 0.315430
15 0.670410 0.717285 0.313477 0.344727
15 0.157715 0.702148 0.280273 0.341797
15 0.287109 0.898926 0.287109 0.202148
15 0.542969 0.890137 0.250000 0.219727
15 0.243652 0.114746 0.313477 0.213867
15 0.873535 0.243652 0.235352 0.301758
15 0.816895 0.886230 0.350586 0.227539
