15 0.764160 0.158691 0.260742 0.276367
15 0.460938 0.159668 0.265625 0.274414
15 0.184570 0.165527 0.222656 0.278320
15 0.037109 0.159668 0.070312 0.256836
15 0.102051 0.412109 0.202148 0.218750
15 0.356445 0.374512 0.238281 0.245117
15 0.620117 0.388184 0.261719 0.250977
15 0.892578 0.414551 0.214844 0.225586
15 0.757812 0.612793 0.281250 0.299805
15 0.491699 0.608887 0.291992 0.290039
15 0.211914 0.637695 0.263672 0.308594
15 0.102539 0.846191 0.203125 0.293945
15 0.350098 0.855469 0.241211 0.250000
15 0.626953 0.841797 0.291016 0.279297
15 0.878418 0.841309 0.239258 0.264648
15 0.959473 0.157715 0.081055 0.194336
15 0.959961 0.616699 0.080078 0.211914
