15 0.164062 0.286621 0.296875 0.303711
15 0.082031 0.115234 0.162109 0.218750
15 0.337402 0.109375 0.215820 0.216797
15 0.606934 0.113281 0.233398 0.214844
15 0.477051 0.291016 0.286133 0.271484
15 0.748535 0.281738 0.284180 0.245117
15 0.862793 0.101562 0.250977 0.201172
15 0.943359 0.288574 0.113281 0.254883
15 0.864746 0.524902 0.270508 0.317383
15 0.600098 0.532715 0.295898 0.295898
15 0.324707 0.514160 0.239258 0.286133
15 0.092285 0.540527 0.182617 0.286133
15 0.166504 0.741211 0.256836 0.291016
15 0.449707 0.737793 0.280273 0.211914
15 0.744629 0.747559 0.249023 0.284180
15 0.589844 0.927734 0.275391 0.130859
15 0.333496 0.941406 0.311523 0.115234
15 0.873047 0.920410 0.238281 0.153320
15 0.094238 0.937988 0.186523 0.116211
15 0.925781 0.753418 0.148438 0.176758
