15 0.107422 0.204590 0.205078 0.264648
15 0.366211 0.189453 0.259766 0.279297
15 0.631836 0.177246 0.287109 0.303711
15 0.876953 0.175781 0.238281 0.316406
15 0.778809 0.401367 0.293945 0.253906
15 0.485352 0.393555 0.277344 0.267578
15 0.210449 0.396973 0.249023 0.258789
15 0.121582 0.630859 0.241211 0.285156
15 0.386230 0.616211 0.270508 0.269531
15 0.629883 0.639160 0.251953 0.249023
15 0.505371 0.843750 0.254883 0.279297
15 0.228516 0.840332 0.265625 0.282227
15 0.785156 0.847656 0.275391 0.277344
15 0.878418 0.637695 0.229492 0.263672
