15 0.359375 0.143066 0.236328 0.274414
15 0.625000 0.127930 0.220703 0.253906
15 0.891602 0.133301 0.216797 0.252930
15 0.766602 0.337402 0.277344 0.262695
15 0.482910 0.359375 0.235352 0.214844
15 0.339355 0.574219 0.282227 0.285156
15 0.605469 0.589844 0.345703 0.343750
15 0.859863 0.598633 0.280273 0.337891
15 0.782715 0.798828 0.274414 0.304688
15 0.493164 0.780273 0.253906 0.281250
15 0.232422 0.803711 0.251953 0.296875
15 0.884766 0.953613 0.228516 0.092773
15 0.611816 0.939941 0.301758 0.112305
15 0.374512 0.945312 0.291992 0.097656
