15 0.170898 0.098633 0.269531 0.189453
15 0.448730 0.108398 0.237305 0.191406
15 0.718750 0.117676 0.250000 0.213867
15 0.932129 0.115234 0.135742 0.222656
15 0.079102 0.352051 0.156250 0.288086
15 0.276367 0.332031 0.234375 0.265625
15 0.561523 0.341797 0.253906 0.230469
15 0.830566 0.318359 0.274414 0.314453
15 0.720703 0.542480 0.267578 0.223633
15 0.442383 0.555176 0.296875 0.252930
15 0.162109 0.546387 0.238281 0.274414
15 0.931641 0.566406 0.136719 0.220703
15 0.286621 0.777832 0.223633 0.223633
15 0.098145 0.780762 0.194336 0.233398
15 0.549316 0.770996 0.286133 0.250977
15 0.813477 0.738770 0.253906 0.272461
15 0.448730 0.934082 0.252930 0.131836
15 0.151855 0.934082 0.301758 0.131836
15 0.693848 0.939453 0.235352 0.111328
