15 0.226074 0.101074 0.276367 0.196289
15 0.366699 0.252441 0.301758 0.286133
15 0.637695 0.250488 0.292969 0.301758
15 0.873047 0.243164 0.253906 0.292969
15 0.234863 0.488770 0.313477 0.323242
15 0.512207 0.498535 0.272461 0.272461
15 0.765137 0.490723 0.247070 0.262695
15 0.128906 0.730469 0.236328 0.291016
15 0.374023 0.739746 0.289062 0.297852
15 0.644043 0.732910 0.270508 0.301758
15 0.881348 0.732910 0.237305 0.291992
15 0.792480 0.900879 0.280273 0.198242
15 0.259766 0.894043 0.291016 0.211914
