15 0.122070 0.141113 0.242188 0.266602
15 0.376953 0.158691 0.291016 0.264648
15 0.651855 0.141113 0.260742 0.260742
15 0.500977 0.372070 0.310547 0.308594
15 0.767578 0.393555 0.251953 0.228516
15 0.219238 0.379395 0.291992 0.268555
15 0.101074 0.606445 0.200195 0.292969
15 0.375977 0.587402 0.287109 0.299805
15 0.647461 0.605469 0.242188 0.251953
15 0.225098 0.822266 0.184570 0.250000
15 0.043457 0.840820 0.084961 0.240234
15 0.527344 0.815918 0.166016 0.176758
15 0.777344 0.818359 0.320312 0.218750
15 0.863770 0.611816 0.272461 0.280273
15 0.892090 0.137207 0.215820 0.231445
