15 0.239258 0.100586 0.294922 0.199219
15 0.140137 0.299805 0.250977 0.287109
15 0.360840 0.312500 0.288086 0.289062
15 0.651367 0.303711 0.357422 0.312500
15 0.875000 0.298340 0.250000 0.333008
15 0.233398 0.519043 0.271484 0.311523
15 0.500488 0.523438 0.329102 0.324219
15 0.764160 0.518066 0.340820 0.362305
15 0.129883 0.751465 0.244141 0.297852
15 0.369141 0.751953 0.314453 0.324219
15 0.644043 0.761230 0.319336 0.319336
15 0.879395 0.740723 0.241211 0.334961
15 0.527344 0.103516 0.324219 0.205078
15 0.787109 0.091309 0.251953 0.180664
