15 0.442871 0.639160 0.231445 0.213867
15 0.196777 0.674805 0.235352 0.253906
15 0.114746 0.421387 0.194336 0.299805
15 0.300293 0.424316 0.194336 0.192383
15 0.569824 0.440430 0.217773 0.193359
15 0.867188 0.408691 0.255859 0.264648
15 0.440430 0.228027 0.257812 0.260742
15 0.166504 0.213867 0.278320 0.250000
15 0.710938 0.225586 0.232422 0.255859
15 0.932617 0.202148 0.134766 0.255859
15 0.610840 0.874512 0.268555 0.250977
15 0.861816 0.876953 0.276367 0.246094
15 0.299805 0.894531 0.265625 0.210938
15 0.082520 0.888184 0.163086 0.223633
