15 0.295898 0.199219 0.208984 0.228516
15 0.549805 0.213867 0.212891 0.232422
15 0.814453 0.195312 0.261719 0.242188
15 0.130859 0.422363 0.251953 0.245117
15 0.416016 0.437500 0.273438 0.259766
15 0.692383 0.439941 0.279297 0.252930
15 0.920898 0.433105 0.158203 0.247070
15 0.068359 0.656738 0.134766 0.254883
15 0.272461 0.647949 0.281250 0.250977
15 0.543945 0.677246 0.287109 0.239258
15 0.837402 0.663574 0.256836 0.245117
15 0.144531 0.866699 0.287109 0.266602
15 0.405273 0.876953 0.253906 0.224609
15 0.690918 0.887207 0.286133 0.225586
15 0.924316 0.892578 0.151367 0.214844
