15 0.274902 0.171387 0.291992 0.274414
15 0.559570 0.164551 0.236328 0.227539
15 0.147949 0.402344 0.260742 0.250000
15 0.420410 0.414551 0.301758 0.291992
15 0.687988 0.386230 0.297852 0.327148
15 0.905762 0.395020 0.188477 0.313477
15 0.293457 0.624023 0.280273 0.294922
15 0.563965 0.615234 0.286133 0.289062
15 0.837402 0.630371 0.264648 0.293945
15 0.149902 0.859375 0.293945 0.281250
15 0.420898 0.854980 0.265625 0.266602
15 0.692383 0.847656 0.302734 0.302734
15 0.074707 0.620605 0.143555 0.233398
15 0.076172 0.159180 0.140625 0.283203
