15 0.107910 0.237793 0.213867 0.268555
15 0.358398 0.238281 0.281250 0.271484
15 0.648926 0.235840 0.235352 0.260742
15 0.897461 0.230469 0.205078 0.259766
15 0.240723 0.461426 0.270508 0.297852
15 0.514648 0.467773 0.283203 0.300781
15 0.783691 0.481934 0.272461 0.301758
15 0.127930 0.686523 0.232422 0.320312
15 0.374023 0.686523 0.253906 0.271484
15 0.652344 0.685059 0.240234 0.256836
15 0.891602 0.685059 0.216797 0.247070
15 0.241699 0.903809 0.241211 0.192383
15 0.501465 0.894043 0.233398 0.211914
15 0.772949 0.889160 0.249023 0.221680
