15 0.183594 0.208984 0.257812 0.294922
15 0.440430 0.220215 0.271484 0.303711
15 0.701660 0.225098 0.245117 0.268555
15 0.076172 0.447754 0.150391 0.254883
15 0.314941 0.470215 0.227539 0.247070
15 0.572266 0.437012 0.277344 0.286133
15 0.866699 0.461914 0.227539 0.257812
15 0.178711 0.689453 0.236328 0.250000
15 0.457031 0.682129 0.269531 0.272461
15 0.716797 0.690918 0.238281 0.241211
15 0.927734 0.714844 0.144531 0.228516
15 0.077148 0.897949 0.152344 0.204102
15 0.324219 0.868164 0.271484 0.250000
15 0.579102 0.886719 0.273438 0.226562
15 0.875488 0.907227 0.249023 0.185547
