15 0.584473 0.159668 0.272461 0.262695
15 0.873047 0.155273 0.253906 0.269531
15 0.321777 0.156738 0.256836 0.286133
15 0.094238 0.147461 0.174805 0.292969
15 0.192383 0.398926 0.259766 0.249023
15 0.441406 0.390625 0.300781 0.310547
15 0.746582 0.399414 0.237305 0.306641
15 0.865234 0.628906 0.269531 0.250000
15 0.956543 0.417480 0.086914 0.221680
15 0.717285 0.845703 0.309570 0.308594
15 0.959473 0.878906 0.081055 0.181641
15 0.598145 0.610352 0.258789 0.283203
15 0.323242 0.621094 0.345703 0.281250
15 0.095215 0.604492 0.188477 0.361328
15 0.182617 0.845215 0.361328 0.274414
15 0.469727 0.832031 0.369141 0.291016
