15 0.616699 0.319824 0.270508 0.291992
15 0.871582 0.305664 0.256836 0.224609
15 0.743652 0.104980 0.291992 0.208008
15 0.462891 0.119629 0.269531 0.237305
15 0.175293 0.097656 0.290039 0.193359
15 0.125000 0.300781 0.248047 0.240234
15 0.348145 0.314941 0.252930 0.260742
15 0.187988 0.547363 0.264648 0.280273
15 0.470215 0.539551 0.333008 0.252930
15 0.767090 0.538086 0.229492 0.246094
15 0.894531 0.327148 0.210938 0.263672
15 0.934082 0.554199 0.131836 0.235352
15 0.874512 0.786621 0.250977 0.249023
15 0.608398 0.767578 0.273438 0.277344
15 0.351074 0.775879 0.305664 0.282227
15 0.120117 0.782227 0.238281 0.277344
15 0.194336 0.937988 0.292969 0.116211
15 0.495117 0.935059 0.279297 0.124023
15 0.762695 0.944336 0.271484 0.101562
