15 0.452637 0.141602 0.334961 0.269531
15 0.161621 0.151855 0.321289 0.301758
15 0.728027 0.154785 0.250977 0.307617
15 0.841309 0.375488 0.293945 0.346680
15 0.590820 0.377441 0.292969 0.313477
15 0.305664 0.399902 0.326172 0.327148
15 0.091797 0.395508 0.181641 0.308594
15 0.158203 0.634277 0.292969 0.317383
15 0.431152 0.627930 0.303711 0.339844
15 0.718262 0.627441 0.290039 0.338867
15 0.921387 0.640137 0.157227 0.250977
15 0.852051 0.828613 0.278320 0.336914
15 0.586426 0.841797 0.276367 0.281250
15 0.327148 0.848633 0.304688 0.271484
15 0.112793 0.864746 0.223633 0.250977
15 0.938477 0.147949 0.123047 0.137695
15 0.847656 0.042480 0.230469 0.083008
