15 0.440430 0.135742 0.150391 0.152344
15 0.689941 0.161621 0.323242 0.303711
15 0.931152 0.139648 0.137695 0.234375
15 0.865723 0.370117 0.217773 0.275391
15 0.586914 0.365234 0.242188 0.318359
15 0.299805 0.356445 0.300781 0.349609
15 0.135254 0.152832 0.250977 0.278320
15 0.076172 0.390137 0.150391 0.252930
15 0.148438 0.594727 0.216797 0.259766
15 0.440918 0.616699 0.284180 0.270508
15 0.695312 0.576660 0.255859 0.278320
15 0.915039 0.605469 0.169922 0.246094
15 0.831543 0.818359 0.249023 0.291016
15 0.563477 0.808594 0.238281 0.234375
15 0.310547 0.835449 0.310547 0.266602
15 0.109863 0.827637 0.217773 0.293945
