15 0.809082 0.136230 0.272461 0.270508
15 0.524414 0.123535 0.236328 0.245117
15 0.270996 0.149414 0.262695 0.277344
15 0.066406 0.132812 0.130859 0.263672
15 0.150879 0.371094 0.260742 0.294922
15 0.419434 0.355957 0.250977 0.241211
15 0.680664 0.365723 0.273438 0.288086
15 0.925293 0.327637 0.149414 0.291992
15 0.801270 0.574707 0.299805 0.272461
15 0.521973 0.580078 0.272461 0.273438
15 0.242188 0.604492 0.283203 0.310547
15 0.062500 0.599121 0.123047 0.260742
15 0.124512 0.823242 0.209961 0.281250
15 0.415039 0.810059 0.269531 0.266602
15 0.703613 0.806641 0.270508 0.244141
15 0.903320 0.828125 0.193359 0.259766
