15 0.423828 0.242188 0.246094 0.242188
15 0.676758 0.245117 0.261719 0.285156
15 0.902344 0.225098 0.191406 0.262695
15 0.122070 0.239258 0.236328 0.234375
15 0.066406 0.496094 0.130859 0.240234
15 0.275879 0.472656 0.268555 0.236328
15 0.529297 0.481934 0.283203 0.280273
15 0.797363 0.487793 0.278320 0.262695
15 0.672852 0.682129 0.285156 0.223633
15 0.412598 0.695312 0.239258 0.226562
15 0.060059 0.893066 0.118164 0.213867
15 0.291016 0.889160 0.289062 0.221680
15 0.532715 0.890137 0.272461 0.219727
15 0.786133 0.890137 0.339844 0.219727
15 0.910645 0.700684 0.178711 0.266602
15 0.282715 0.062988 0.272461 0.124023
15 0.527344 0.058594 0.250000 0.109375
15 0.800293 0.061523 0.278320 0.113281
