15 0.274414 0.283691 0.324219 0.317383
15 0.541016 0.276855 0.339844 0.344727
15 0.821289 0.280273 0.292969 0.316406
15 0.150391 0.504395 0.294922 0.307617
15 0.418457 0.511719 0.311523 0.320312
15 0.675781 0.500000 0.292969 0.337891
15 0.282227 0.739258 0.333984 0.335938
15 0.556641 0.740723 0.314453 0.317383
15 0.832031 0.733398 0.292969 0.324219
15 0.175781 0.889160 0.300781 0.221680
15 0.412109 0.890137 0.302734 0.219727
15 0.704102 0.895996 0.312500 0.208008
15 0.132324 0.107422 0.250977 0.208984
15 0.387207 0.132812 0.317383 0.250000
