15 0.133789 0.109375 0.234375 0.212891
15 0.431641 0.104492 0.246094 0.181641
15 0.689453 0.104492 0.224609 0.175781
15 0.919434 0.112305 0.161133 0.189453
15 0.044922 0.346191 0.087891 0.206055
15 0.274902 0.322754 0.291992 0.256836
15 0.559570 0.329102 0.277344 0.246094
15 0.819336 0.325684 0.265625 0.217773
15 0.129883 0.528809 0.257812 0.254883
15 0.397949 0.551270 0.241211 0.252930
15 0.681152 0.534180 0.286133 0.277344
15 0.914551 0.566895 0.170898 0.217773
15 0.830566 0.738281 0.223633 0.248047
15 0.274414 0.747559 0.275391 0.315430
15 0.543945 0.752930 0.292969 0.287109
