15 0.061035 0.092285 0.120117 0.182617
15 0.294922 0.089355 0.261719 0.176758
15 0.586914 0.094238 0.248047 0.186523
15 0.875000 0.113281 0.250000 0.191406
15 0.195312 0.318359 0.246094 0.248047
15 0.465332 0.323730 0.274414 0.256836
15 0.724609 0.329102 0.244141 0.253906
15 0.936523 0.339844 0.126953 0.218750
15 0.080566 0.558594 0.159180 0.263672
15 0.298340 0.541016 0.243164 0.187500
15 0.587402 0.523926 0.258789 0.231445
15 0.854980 0.556641 0.231445 0.248047
15 0.169922 0.782227 0.244141 0.236328
15 0.456543 0.757324 0.301758 0.250977
15 0.724609 0.784668 0.208984 0.178711
15 0.931152 0.785156 0.137695 0.244141
15 0.868652 0.945801 0.252930 0.108398
15 0.606445 0.940918 0.224609 0.118164
15 0.334961 0.942871 0.279297 0.114258
