15 0.392578 0.227539 0.214844 0.224609
15 0.137207 0.225098 0.272461 0.231445
15 0.652344 0.227051 0.292969 0.254883
15 0.906738 0.233887 0.186523 0.250977
15 0.224121 0.438965 0.215820 0.209961
15 0.050781 0.440918 0.099609 0.176758
15 0.486328 0.462402 0.277344 0.206055
15 0.781738 0.468262 0.235352 0.225586
15 0.108887 0.660156 0.215820 0.251953
15 0.356934 0.668945 0.270508 0.265625
15 0.639648 0.678223 0.267578 0.239258
15 0.895020 0.689941 0.209961 0.249023
15 0.512207 0.887207 0.223633 0.225586
15 0.247559 0.877441 0.295898 0.225586
