15 0.144043 0.341309 0.223633 0.272461
15 0.432129 0.335449 0.264648 0.229492
15 0.716797 0.370117 0.251953 0.255859
15 0.593262 0.142090 0.219727 0.182617
15 0.290039 0.137695 0.242188 0.218750
15 0.821289 0.125488 0.199219 0.213867
15 0.858398 0.600098 0.208984 0.229492
15 0.581543 0.583496 0.241211 0.231445
15 0.319824 0.583984 0.256836 0.285156
15 0.090332 0.614258 0.178711 0.251953
15 0.154297 0.847656 0.275391 0.263672
15 0.444336 0.828613 0.281250 0.286133
15 0.703613 0.810059 0.284180 0.276367
15 0.915039 0.807617 0.169922 0.277344
