15 0.073730 0.222168 0.145508 0.299805
15 0.257324 0.218262 0.206055 0.208008
15 0.511719 0.240723 0.244141 0.245117
15 0.794922 0.245605 0.271484 0.243164
15 0.124023 0.474121 0.246094 0.250977
15 0.367188 0.470215 0.228516 0.221680
15 0.656738 0.480957 0.264648 0.231445
15 0.908203 0.466797 0.183594 0.214844
15 0.063965 0.730957 0.125977 0.231445
15 0.250977 0.726562 0.246094 0.277344
15 0.525879 0.721680 0.299805 0.265625
15 0.804199 0.713379 0.252930 0.249023
15 0.146973 0.892578 0.272461 0.214844
15 0.398926 0.912598 0.229492 0.174805
15 0.679688 0.899414 0.257812 0.201172
15 0.911133 0.899414 0.177734 0.195312
