15 0.265137 0.172363 0.272461 0.299805
15 0.062012 0.185547 0.122070 0.300781
15 0.514648 0.175293 0.283203 0.293945
15 0.668945 0.404785 0.308594 0.270508
15 0.914551 0.398926 0.170898 0.276367
15 0.802246 0.629883 0.317383 0.320312
15 0.532715 0.621582 0.325195 0.358398
15 0.244141 0.625977 0.283203 0.287109
15 0.134277 0.438477 0.266602 0.251953
15 0.129395 0.852539 0.256836 0.281250
15 0.379883 0.851074 0.314453 0.264648
15 0.636719 0.837891 0.314453 0.300781
15 0.895996 0.835938 0.208008 0.324219
15 0.054199 0.645508 0.106445 0.212891
15 0.767090 0.148926 0.165039 0.125977
15 0.918945 0.097656 0.162109 0.164062
