15 0.231934 0.305664 0.301758 0.316406
15 0.524414 0.293457 0.324219 0.323242
15 0.809570 0.308594 0.296875 0.341797
15 0.139160 0.545410 0.268555 0.303711
15 0.383301 0.098633 0.268555 0.195312
15 0.384766 0.547852 0.320312 0.324219
15 0.673340 0.551758 0.307617 0.300781
15 0.895020 0.535645 0.209961 0.295898
15 0.543457 0.756836 0.309570 0.328125
15 0.247070 0.771973 0.332031 0.290039
15 0.822754 0.792480 0.247070 0.243164
15 0.111328 0.096680 0.208984 0.175781
15 0.661621 0.075195 0.217773 0.144531
15 0.888672 0.082520 0.177734 0.137695
