15 0.355957 0.261719 0.286133 0.279297
15 0.616699 0.254883 0.272461 0.277344
15 0.754395 0.483398 0.290039 0.328125
15 0.503418 0.505371 0.247070 0.247070
15 0.224121 0.509766 0.270508 0.253906
15 0.363281 0.701660 0.259766 0.272461
15 0.115723 0.699219 0.219727 0.287109
15 0.109375 0.269043 0.203125 0.280273
15 0.896973 0.696289 0.200195 0.244141
15 0.653809 0.708008 0.286133 0.251953
15 0.496094 0.903320 0.275391 0.193359
15 0.225586 0.908203 0.277344 0.183594
15 0.745605 0.904785 0.249023 0.190430
15 0.880371 0.251465 0.235352 0.233398
15 0.493164 0.100586 0.304688 0.195312
