15 0.619629 0.233887 0.293945 0.319336
15 0.326660 0.227051 0.305664 0.299805
15 0.181152 0.478516 0.260742 0.322266
15 0.453125 0.468262 0.310547 0.333008
15 0.739258 0.467285 0.337891 0.301758
15 0.603516 0.699707 0.302734 0.276367
15 0.334961 0.716309 0.318359 0.340820
15 0.193359 0.885254 0.275391 0.229492
15 0.459961 0.895020 0.318359 0.209961
15 0.746582 0.887695 0.293945 0.224609
15 0.856934 0.693359 0.286133 0.320312
15 0.113770 0.224609 0.221680 0.320312
15 0.869629 0.238770 0.260742 0.317383
15 0.113770 0.706055 0.223633 0.312500
