15 0.314941 0.064941 0.227539 0.127930
15 0.086914 0.045410 0.171875 0.088867
15 0.577637 0.061523 0.241211 0.121094
15 0.833008 0.064941 0.259766 0.127930
15 0.708008 0.207031 0.259766 0.273438
15 0.453613 0.232910 0.290039 0.305664
15 0.207520 0.254883 0.282227 0.279297
15 0.301270 0.477539 0.303711 0.310547
15 0.576660 0.450195 0.295898 0.271484
15 0.839844 0.457031 0.226562 0.253906
15 0.724121 0.678223 0.264648 0.299805
15 0.447754 0.690430 0.233398 0.277344
15 0.166016 0.705078 0.271484 0.267578
15 0.083984 0.462402 0.166016 0.239258
15 0.278320 0.883789 0.292969 0.222656
15 0.565918 0.888184 0.266602 0.208008
15 0.833984 0.877930 0.304688 0.232422
15 0.927246 0.695801 0.145508 0.258789
15 0.090332 0.902344 0.163086 0.169922
15 0.930176 0.244629 0.139648 0.247070
