15 0.253418 0.115234 0.262695 0.228516
15 0.524414 0.110352 0.285156 0.218750
15 0.802246 0.118164 0.286133 0.234375
15 0.131836 0.301758 0.234375 0.261719
15 0.387207 0.297363 0.305664 0.317383
15 0.648438 0.307129 0.294922 0.301758
15 0.876953 0.303223 0.246094 0.295898
15 0.236816 0.527832 0.272461 0.282227
15 0.516113 0.535156 0.290039 0.269531
15 0.797852 0.542480 0.279297 0.295898
15 0.393555 0.764160 0.267578 0.272461
15 0.666992 0.758789 0.314453 0.263672
15 0.233398 0.910645 0.314453 0.178711
