15 0.205078 0.104004 0.273438 0.206055
15 0.479004 0.114746 0.274414 0.217773
15 0.770508 0.115234 0.289062 0.224609
15 0.127930 0.306152 0.226562 0.311523
15 0.338867 0.309082 0.259766 0.268555
15 0.620117 0.302246 0.292969 0.295898
15 0.240723 0.536133 0.254883 0.242188
15 0.505859 0.525391 0.246094 0.248047
15 0.755859 0.528809 0.283203 0.274414
15 0.344238 0.734863 0.301758 0.288086
15 0.113770 0.735352 0.211914 0.292969
15 0.619141 0.750000 0.292969 0.298828
15 0.883789 0.750488 0.228516 0.295898
15 0.874512 0.287598 0.231445 0.241211
