15 0.638672 0.281250 0.337891 0.312500
15 0.513672 0.107422 0.236328 0.212891
15 0.244629 0.106445 0.331055 0.210938
15 0.124023 0.305176 0.246094 0.284180
15 0.379395 0.311035 0.299805 0.264648
15 0.907715 0.271973 0.184570 0.243164
15 0.823730 0.100586 0.278320 0.199219
15 0.253906 0.520020 0.322266 0.313477
15 0.528809 0.545410 0.282227 0.270508
15 0.775391 0.521484 0.296875 0.263672
15 0.884277 0.731445 0.231445 0.277344
15 0.810547 0.937012 0.253906 0.116211
15 0.642090 0.732910 0.333008 0.331055
15 0.383301 0.749512 0.315430 0.303711
15 0.134766 0.769531 0.267578 0.283203
15 0.247559 0.931641 0.250977 0.119141
15 0.529785 0.917969 0.272461 0.144531
