15 0.123047 0.093750 0.244141 0.185547
15 0.377441 0.111816 0.286133 0.221680
15 0.643066 0.113281 0.245117 0.224609
15 0.883301 0.116211 0.233398 0.226562
15 0.541504 0.294922 0.237305 0.250000
15 0.264160 0.292969 0.260742 0.238281
15 0.109863 0.547852 0.217773 0.261719
15 0.354004 0.532227 0.270508 0.251953
15 0.668457 0.534180 0.241211 0.220703
15 0.903809 0.525879 0.192383 0.276367
15 0.795410 0.738770 0.280273 0.284180
15 0.548340 0.735840 0.184570 0.147461
15 0.230469 0.729004 0.179688 0.221680
15 0.111328 0.923340 0.220703 0.153320
15 0.402832 0.923340 0.274414 0.153320
15 0.661133 0.912598 0.228516 0.174805
15 0.912109 0.941895 0.175781 0.116211
