15 0.296875 0.337891 0.246094 0.250000
15 0.173340 0.562012 0.223633 0.206055
15 0.432617 0.566406 0.248047 0.220703
15 0.577148 0.344727 0.292969 0.265625
15 0.837891 0.323730 0.275391 0.323242
15 0.726074 0.561523 0.266602 0.216797
15 0.088379 0.795898 0.168945 0.273438
15 0.293457 0.807129 0.282227 0.262695
15 0.576172 0.796875 0.324219 0.292969
15 0.860352 0.811035 0.279297 0.295898
15 0.184082 0.138672 0.307617 0.273438
15 0.447266 0.112793 0.263672 0.219727
15 0.734863 0.120605 0.241211 0.239258
15 0.101562 0.334961 0.185547 0.294922
