15 0.893066 0.103027 0.192383 0.204102
15 0.667480 0.119629 0.288086 0.237305
15 0.404297 0.108398 0.265625 0.214844
15 0.146973 0.101074 0.290039 0.200195
15 0.262695 0.302246 0.304688 0.305664
15 0.057617 0.327637 0.113281 0.264648
15 0.546875 0.302246 0.310547 0.284180
15 0.819824 0.314941 0.254883 0.221680
15 0.708496 0.558105 0.254883 0.329102
15 0.893066 0.544922 0.213867 0.322266
15 0.816406 0.789062 0.292969 0.306641
15 0.549805 0.749512 0.318359 0.315430
15 0.402344 0.531738 0.275391 0.295898
15 0.127930 0.538086 0.253906 0.349609
15 0.278320 0.761230 0.306641 0.358398
15 0.405273 0.934570 0.328125 0.119141
15 0.135742 0.924805 0.269531 0.134766
15 0.679688 0.923828 0.285156 0.132812
15 0.056152 0.776367 0.110352 0.210938
