15 0.826172 0.149414 0.291016 0.281250
15 0.543945 0.155273 0.316406 0.246094
15 0.268555 0.145996 0.289062 0.258789
15 0.117188 0.393066 0.232422 0.286133
15 0.423340 0.381348 0.352539 0.315430
15 0.709961 0.404297 0.269531 0.261719
15 0.555664 0.638184 0.250000 0.264648
15 0.278320 0.636719 0.212891 0.220703
15 0.131836 0.831055 0.240234 0.273438
15 0.083984 0.625000 0.166016 0.283203
15 0.404297 0.829102 0.302734 0.285156
15 0.674805 0.827637 0.289062 0.268555
15 0.824219 0.600098 0.259766 0.333008
15 0.921387 0.830078 0.157227 0.267578
15 0.934082 0.382812 0.131836 0.285156
15 0.070312 0.143555 0.138672 0.277344
