15 0.179688 0.494629 0.253906 0.272461
15 0.453125 0.504395 0.302734 0.256836
15 0.737793 0.482422 0.266602 0.271484
15 0.934082 0.482910 0.131836 0.278320
15 0.862305 0.701172 0.251953 0.261719
15 0.927246 0.895508 0.145508 0.208984
15 0.419922 0.931641 0.111328 0.083984
15 0.189941 0.894531 0.221680 0.193359
15 0.083496 0.718262 0.165039 0.256836
15 0.082520 0.238770 0.163086 0.254883
15 0.305176 0.234375 0.282227 0.257812
15 0.568359 0.232422 0.216797 0.218750
15 0.842773 0.248047 0.271484 0.220703
15 0.135254 0.051270 0.268555 0.100586
15 0.435547 0.055176 0.308594 0.108398
15 0.708984 0.057617 0.246094 0.105469
15 0.697754 0.928223 0.088867 0.057617
