15 0.390137 0.152344 0.301758 0.298828
15 0.674316 0.153320 0.284180 0.269531
15 0.923828 0.148926 0.152344 0.256836
15 0.818848 0.379883 0.317383 0.292969
15 0.558594 0.392578 0.287109 0.289062
15 0.287598 0.398926 0.297852 0.297852
15 0.133301 0.148926 0.211914 0.227539
15 0.060547 0.377930 0.119141 0.314453
15 0.164062 0.598633 0.277344 0.269531
15 0.408691 0.587891 0.291992 0.267578
15 0.689453 0.611816 0.314453 0.278320
15 0.928223 0.615234 0.143555 0.251953
15 0.818848 0.837891 0.288086 0.279297
15 0.527832 0.824219 0.241211 0.253906
15 0.296875 0.856934 0.259766 0.266602
15 0.065430 0.865234 0.128906 0.257812
