15 0.099121 0.148926 0.196289 0.270508
15 0.342285 0.151367 0.274414 0.300781
15 0.609375 0.159668 0.230469 0.243164
15 0.880859 0.128906 0.199219 0.238281
15 0.759277 0.383301 0.334961 0.319336
15 0.475098 0.373535 0.313477 0.338867
15 0.209473 0.394531 0.280273 0.302734
15 0.334473 0.596191 0.311523 0.311523
15 0.613281 0.602539 0.265625 0.335938
15 0.841309 0.606445 0.278320 0.285156
15 0.717773 0.822266 0.328125 0.335938
15 0.464844 0.810059 0.291016 0.288086
15 0.210938 0.839355 0.271484 0.272461
15 0.095215 0.608398 0.188477 0.289062
15 0.039551 0.837402 0.077148 0.280273
15 0.949707 0.846680 0.100586 0.269531
