15 0.351074 0.212402 0.227539 0.229492
15 0.221680 0.399902 0.248047 0.231445
15 0.099609 0.650391 0.197266 0.234375
15 0.205566 0.894531 0.180664 0.185547
15 0.345703 0.653809 0.214844 0.209961
15 0.505859 0.430176 0.259766 0.217773
15 0.628418 0.207520 0.278320 0.256836
15 0.877441 0.221680 0.231445 0.234375
15 0.758789 0.429688 0.240234 0.218750
15 0.951172 0.461426 0.097656 0.223633
15 0.869141 0.645020 0.261719 0.239258
15 0.594727 0.655273 0.259766 0.242188
15 0.462891 0.890137 0.318359 0.219727
15 0.778320 0.876953 0.285156 0.222656
