15 0.579590 0.106934 0.233398 0.211914
15 0.833008 0.117188 0.244141 0.232422
15 0.292480 0.121094 0.262695 0.226562
15 0.087402 0.126953 0.172852 0.210938
15 0.153809 0.309082 0.258789 0.262695
15 0.422852 0.333984 0.359375 0.277344
15 0.733887 0.331055 0.250977 0.259766
15 0.928711 0.340332 0.142578 0.278320
15 0.849121 0.572266 0.301758 0.298828
15 0.601562 0.556641 0.341797 0.320312
15 0.311523 0.554199 0.287109 0.243164
15 0.087891 0.555664 0.173828 0.250000
15 0.181641 0.789062 0.333984 0.302734
15 0.443848 0.769531 0.366211 0.337891
15 0.708008 0.765137 0.287109 0.303711
15 0.923828 0.775879 0.152344 0.250977
