15 0.091309 0.240723 0.180664 0.249023
15 0.349121 0.229980 0.299805 0.280273
15 0.646973 0.240234 0.278320 0.298828
15 0.899902 0.224609 0.200195 0.271484
15 0.187500 0.478516 0.179688 0.205078
15 0.482422 0.490234 0.279297 0.234375
15 0.736328 0.476562 0.214844 0.216797
15 0.123535 0.702637 0.245117 0.291992
15 0.340820 0.699219 0.214844 0.261719
15 0.618164 0.704590 0.273438 0.297852
15 0.879883 0.698242 0.234375 0.304688
15 0.237793 0.882324 0.278320 0.235352
15 0.476562 0.894043 0.242188 0.211914
15 0.760254 0.897461 0.237305 0.205078
