15 0.518555 0.318848 0.316406 0.235352
15 0.779297 0.317383 0.310547 0.277344
15 0.639160 0.117676 0.243164 0.233398
15 0.380371 0.101562 0.282227 0.201172
15 0.124023 0.122559 0.222656 0.243164
15 0.254883 0.303711 0.292969 0.248047
15 0.056152 0.317871 0.083008 0.178711
15 0.115723 0.529297 0.229492 0.265625
15 0.376953 0.549316 0.259766 0.233398
15 0.665527 0.548828 0.291992 0.263672
15 0.901367 0.569824 0.197266 0.278320
15 0.800781 0.782227 0.283203 0.271484
15 0.544922 0.786133 0.216797 0.294922
15 0.250488 0.771973 0.299805 0.293945
15 0.067871 0.829590 0.133789 0.256836
15 0.404785 0.948730 0.247070 0.102539
15 0.651855 0.930176 0.280273 0.133789
15 0.914062 0.948730 0.171875 0.094727
