15 0.165039 0.180664 0.240234 0.224609
15 0.406738 0.171875 0.284180 0.251953
15 0.680176 0.180176 0.254883 0.215820
15 0.918457 0.178223 0.163086 0.198242
15 0.075195 0.443848 0.148438 0.303711
15 0.285645 0.408203 0.288086 0.279297
15 0.559570 0.407227 0.242188 0.246094
15 0.816895 0.417969 0.245117 0.251953
15 0.164551 0.635254 0.297852 0.245117
15 0.431152 0.644043 0.264648 0.258789
15 0.705078 0.642090 0.240234 0.254883
15 0.916504 0.658203 0.166992 0.246094
15 0.280273 0.875977 0.224609 0.210938
15 0.527344 0.843262 0.285156 0.264648
15 0.818848 0.871582 0.293945 0.252930
