15 0.165039 0.297852 0.285156 0.304688
15 0.431641 0.311523 0.251953 0.287109
15 0.686523 0.304688 0.279297 0.285156
15 0.908691 0.310059 0.182617 0.319336
15 0.310547 0.552734 0.267578 0.300781
15 0.543457 0.538574 0.321289 0.336914
15 0.838379 0.551270 0.280273 0.331055
15 0.088379 0.553711 0.172852 0.314453
15 0.155762 0.761719 0.254883 0.289062
15 0.431641 0.769531 0.275391 0.283203
15 0.712891 0.765137 0.267578 0.303711
15 0.292969 0.107910 0.248047 0.200195
15 0.561035 0.105469 0.282227 0.208984
15 0.837891 0.103516 0.250000 0.205078
