15 0.147461 0.290039 0.281250 0.292969
15 0.411621 0.282715 0.237305 0.266602
15 0.553711 0.090820 0.265625 0.179688
15 0.684570 0.312500 0.306641 0.248047
15 0.839844 0.112793 0.261719 0.215820
15 0.912109 0.303711 0.175781 0.228516
15 0.837402 0.524902 0.286133 0.266602
15 0.594238 0.510254 0.301758 0.286133
15 0.309082 0.526367 0.258789 0.267578
15 0.090332 0.538086 0.176758 0.263672
15 0.146973 0.754883 0.291992 0.246094
15 0.092773 0.922852 0.183594 0.154297
15 0.442383 0.754883 0.345703 0.287109
15 0.691406 0.757812 0.285156 0.255859
15 0.886719 0.735352 0.226562 0.255859
15 0.862793 0.944824 0.274414 0.110352
15 0.565430 0.933594 0.283203 0.132812
