15 0.739746 0.245117 0.338867 0.363281
15 0.476074 0.231934 0.293945 0.305664
15 0.188477 0.235840 0.285156 0.270508
15 0.339355 0.073242 0.198242 0.144531
15 0.571289 0.053223 0.255859 0.104492
15 0.843262 0.053711 0.278320 0.105469
15 0.114746 0.063965 0.200195 0.125977
15 0.072266 0.445312 0.142578 0.156250
15 0.309082 0.464844 0.293945 0.314453
15 0.603516 0.455078 0.361328 0.250000
15 0.866211 0.456543 0.267578 0.243164
15 0.732422 0.688965 0.294922 0.282227
15 0.470215 0.698242 0.307617 0.279297
15 0.174805 0.661133 0.347656 0.304688
15 0.103027 0.870117 0.204102 0.224609
15 0.305176 0.877441 0.299805 0.241211
15 0.628418 0.876953 0.290039 0.218750
15 0.857910 0.875488 0.237305 0.223633
