15 0.893555 0.068848 0.212891 0.129883
15 0.679199 0.062012 0.299805 0.122070
15 0.412109 0.058105 0.255859 0.114258
15 0.129883 0.069336 0.242188 0.136719
15 0.264648 0.228516 0.226562 0.216797
15 0.076660 0.263184 0.151367 0.254883
15 0.548828 0.225586 0.285156 0.306641
15 0.817383 0.237305 0.277344 0.257812
15 0.699707 0.482910 0.252930 0.258789
15 0.896484 0.488770 0.207031 0.286133
15 0.409668 0.463379 0.362305 0.309570
15 0.129883 0.462402 0.257812 0.348633
15 0.272461 0.704590 0.304688 0.239258
15 0.570312 0.692383 0.248047 0.269531
15 0.825684 0.703613 0.274414 0.291992
15 0.670898 0.875488 0.316406 0.217773
15 0.386719 0.894043 0.279297 0.186523
15 0.140625 0.878418 0.279297 0.215820
15 0.053223 0.687500 0.104492 0.222656
15 0.934082 0.911621 0.131836 0.143555
