15 0.681641 0.194824 0.275391 0.276367
15 0.416992 0.202637 0.335938 0.288086
15 0.146484 0.186035 0.291016 0.286133
15 0.270508 0.416992 0.263672 0.246094
15 0.072754 0.417480 0.143555 0.272461
15 0.127441 0.658691 0.231445 0.247070
15 0.383301 0.645020 0.264648 0.221680
15 0.279297 0.875000 0.259766 0.224609
15 0.543457 0.864258 0.231445 0.242188
15 0.806152 0.870605 0.280273 0.227539
15 0.631348 0.647949 0.114258 0.116211
15 0.926270 0.652832 0.122070 0.069336
15 0.068359 0.895508 0.134766 0.203125
15 0.792969 0.408691 0.294922 0.317383
15 0.533691 0.410156 0.280273 0.343750
