15 0.115234 0.155273 0.228516 0.246094
15 0.239746 0.404297 0.252930 0.251953
15 0.358887 0.178223 0.231445 0.200195
15 0.903809 0.146484 0.192383 0.179688
15 0.815918 0.437500 0.274414 0.289062
15 0.521973 0.423340 0.286133 0.276367
15 0.395508 0.668457 0.259766 0.254883
15 0.134766 0.674805 0.267578 0.281250
15 0.255371 0.896484 0.217773 0.201172
15 0.499512 0.894531 0.274414 0.207031
15 0.786621 0.877930 0.233398 0.220703
15 0.660645 0.645508 0.249023 0.267578
15 0.905273 0.661133 0.189453 0.261719
15 0.665039 0.183105 0.179688 0.131836
