15 0.642578 0.291992 0.328125 0.296875
15 0.505859 0.109375 0.218750 0.216797
15 0.218262 0.106934 0.268555 0.211914
15 0.114746 0.298828 0.227539 0.285156
15 0.363281 0.316406 0.310547 0.294922
15 0.219727 0.543945 0.320312 0.250000
15 0.110840 0.763184 0.209961 0.272461
15 0.344238 0.770508 0.336914 0.339844
15 0.634766 0.752930 0.269531 0.318359
15 0.763672 0.569824 0.281250 0.319336
15 0.906738 0.282715 0.186523 0.299805
15 0.790527 0.130371 0.291992 0.258789
15 0.896484 0.766602 0.207031 0.291016
15 0.939941 0.545410 0.118164 0.202148
15 0.775879 0.930664 0.290039 0.119141
15 0.509277 0.915039 0.329102 0.101562
