15 0.572266 0.138184 0.310547 0.274414
15 0.298340 0.127930 0.307617 0.238281
15 0.866699 0.138672 0.262695 0.253906
15 0.686523 0.355469 0.292969 0.300781
15 0.923340 0.375977 0.153320 0.244141
15 0.414551 0.355469 0.262695 0.201172
15 0.146484 0.385742 0.291016 0.292969
15 0.307617 0.587402 0.251953 0.243164
15 0.084473 0.621582 0.166992 0.282227
15 0.144043 0.820801 0.208008 0.215820
15 0.418945 0.838867 0.277344 0.222656
15 0.555176 0.602051 0.329102 0.305664
15 0.685059 0.820312 0.290039 0.255859
15 0.845215 0.578125 0.284180 0.244141
15 0.907715 0.812500 0.184570 0.226562
