15 0.135254 0.143066 0.264648 0.284180
15 0.398926 0.163574 0.280273 0.307617
15 0.544922 0.368652 0.322266 0.329102
15 0.271484 0.374512 0.289062 0.290039
15 0.812500 0.365234 0.294922 0.312500
15 0.392578 0.609375 0.285156 0.316406
15 0.666992 0.628418 0.298828 0.321289
15 0.279297 0.819336 0.285156 0.337891
15 0.539062 0.837402 0.339844 0.325195
15 0.818848 0.833984 0.313477 0.332031
15 0.149902 0.609863 0.241211 0.254883
15 0.890137 0.624023 0.219727 0.330078
15 0.666504 0.139648 0.325195 0.277344
