15 0.491699 0.063477 0.254883 0.125000
15 0.210449 0.060547 0.293945 0.119141
15 0.787109 0.063965 0.294922 0.122070
15 0.642090 0.227051 0.299805 0.245117
15 0.881348 0.238770 0.221680 0.250977
15 0.351074 0.245117 0.295898 0.281250
15 0.121094 0.242188 0.240234 0.332031
15 0.230469 0.456543 0.320312 0.331055
15 0.503418 0.468262 0.209961 0.225586
15 0.779297 0.468750 0.291016 0.257812
15 0.631836 0.672363 0.277344 0.288086
15 0.367676 0.701172 0.280273 0.283203
15 0.114746 0.691406 0.227539 0.246094
15 0.235840 0.894531 0.288086 0.208984
15 0.500977 0.901367 0.267578 0.187500
15 0.771973 0.869141 0.338867 0.234375
15 0.886719 0.692871 0.226562 0.325195
15 0.057617 0.448242 0.113281 0.216797
