15 0.071777 0.250977 0.141602 0.179688
15 0.180176 0.070312 0.215820 0.125000
15 0.449707 0.076172 0.243164 0.150391
15 0.716309 0.060059 0.233398 0.118164
15 0.345215 0.270020 0.213867 0.247070
15 0.600586 0.274414 0.201172 0.222656
15 0.865234 0.276367 0.228516 0.259766
15 0.498535 0.509277 0.245117 0.250977
15 0.189941 0.505859 0.258789 0.244141
15 0.752930 0.519043 0.250000 0.256836
15 0.619629 0.717773 0.155273 0.119141
15 0.368164 0.725586 0.083984 0.087891
15 0.495117 0.931152 0.216797 0.137695
15 0.891602 0.764160 0.201172 0.254883
15 0.945801 0.543457 0.108398 0.247070
