15 0.186035 0.067383 0.250977 0.119141
15 0.502441 0.065918 0.264648 0.114258
15 0.766113 0.059570 0.211914 0.109375
15 0.094238 0.235352 0.186523 0.232422
15 0.326660 0.230469 0.249023 0.210938
15 0.605957 0.238770 0.286133 0.223633
15 0.864746 0.240723 0.243164 0.219727
15 0.218750 0.471680 0.248047 0.232422
15 0.475098 0.466797 0.274414 0.251953
15 0.736328 0.468750 0.265625 0.267578
15 0.935547 0.474121 0.128906 0.290039
15 0.104980 0.698730 0.208008 0.297852
15 0.330566 0.680664 0.348633 0.300781
15 0.615234 0.694824 0.244141 0.260742
15 0.854980 0.692383 0.266602 0.228516
15 0.217773 0.909180 0.195312 0.175781
15 0.750000 0.903320 0.250000 0.185547
15 0.948730 0.908203 0.102539 0.183594
