15 0.207031 0.232422 0.281250 0.300781
15 0.476562 0.233887 0.255859 0.276367
15 0.091797 0.457520 0.179688 0.321289
15 0.325195 0.458008 0.300781 0.339844
15 0.598145 0.480469 0.305664 0.335938
15 0.860840 0.461914 0.278320 0.330078
15 0.225098 0.708984 0.278320 0.285156
15 0.497559 0.684082 0.256836 0.284180
15 0.760254 0.700684 0.282227 0.286133
15 0.331543 0.880371 0.280273 0.239258
15 0.594727 0.887207 0.285156 0.225586
15 0.860840 0.879883 0.272461 0.240234
15 0.733398 0.213379 0.226562 0.194336
