15 0.379883 0.259766 0.328125 0.308594
15 0.666992 0.257812 0.281250 0.289062
15 0.890137 0.253418 0.219727 0.303711
15 0.258301 0.490723 0.249023 0.258789
15 0.525391 0.498535 0.240234 0.254883
15 0.793457 0.502441 0.247070 0.247070
15 0.646973 0.689941 0.266602 0.276367
15 0.886719 0.707031 0.226562 0.285156
15 0.525391 0.889648 0.287109 0.220703
15 0.818359 0.893066 0.314453 0.213867
15 0.267578 0.906250 0.246094 0.187500
15 0.124023 0.701660 0.246094 0.258789
15 0.262695 0.085938 0.244141 0.167969
15 0.532715 0.088379 0.256836 0.168945
15 0.812012 0.095703 0.250977 0.183594
15 0.125488 0.271484 0.186523 0.179688
