15 0.265137 0.110352 0.307617 0.218750
15 0.521973 0.122070 0.299805 0.242188
15 0.775879 0.123047 0.282227 0.244141
15 0.138184 0.332031 0.235352 0.236328
15 0.402344 0.337891 0.277344 0.259766
15 0.674805 0.332520 0.255859 0.254883
15 0.912598 0.328125 0.174805 0.250000
15 0.276367 0.565430 0.316406 0.316406
15 0.555176 0.572266 0.270508 0.296875
15 0.820312 0.573242 0.285156 0.296875
15 0.406250 0.802734 0.341797 0.320312
15 0.710449 0.775391 0.280273 0.271484
15 0.918945 0.776855 0.162109 0.297852
