15 0.100098 0.134766 0.198242 0.244141
15 0.246582 0.364746 0.241211 0.274414
15 0.509766 0.362305 0.292969 0.279297
15 0.789551 0.358398 0.264648 0.259766
15 0.892090 0.119141 0.209961 0.234375
15 0.666992 0.591309 0.240234 0.245117
15 0.406738 0.572754 0.260742 0.291992
15 0.139160 0.590332 0.264648 0.286133
15 0.259766 0.811035 0.255859 0.260742
15 0.063965 0.860352 0.125977 0.265625
15 0.499023 0.830078 0.210938 0.232422
15 0.807617 0.830566 0.228516 0.209961
15 0.892578 0.598145 0.214844 0.264648
15 0.070801 0.358887 0.139648 0.250977
