15 0.168945 0.247070 0.261719 0.244141
15 0.425293 0.221191 0.208008 0.231445
15 0.696777 0.212891 0.247070 0.222656
15 0.930176 0.219238 0.127930 0.239258
15 0.828613 0.460449 0.262695 0.249023
15 0.584961 0.454590 0.257812 0.219727
15 0.322266 0.485840 0.255859 0.223633
15 0.140137 0.682129 0.245117 0.254883
15 0.406738 0.691406 0.178711 0.195312
15 0.568848 0.891602 0.256836 0.216797
15 0.841309 0.900391 0.229492 0.199219
15 0.081543 0.060059 0.161133 0.116211
15 0.554688 0.046875 0.242188 0.091797
15 0.843262 0.054688 0.258789 0.107422
