15 0.287598 0.157715 0.250977 0.245117
15 0.544434 0.156738 0.266602 0.239258
15 0.811035 0.163574 0.239258 0.223633
15 0.928223 0.344727 0.143555 0.246094
15 0.426270 0.333984 0.247070 0.300781
15 0.192383 0.388184 0.300781 0.305664
15 0.077148 0.607422 0.152344 0.318359
15 0.318848 0.604980 0.305664 0.295898
15 0.551270 0.611328 0.288086 0.289062
15 0.834473 0.572754 0.274414 0.297852
15 0.706055 0.815430 0.255859 0.250000
15 0.419434 0.829590 0.247070 0.270508
15 0.143066 0.839355 0.272461 0.272461
15 0.917480 0.844727 0.165039 0.259766
15 0.063965 0.131348 0.125977 0.229492
