15 0.267578 0.207520 0.332031 0.297852
15 0.563965 0.229004 0.291992 0.245117
15 0.837891 0.203125 0.255859 0.279297
15 0.701660 0.431152 0.293945 0.266602
15 0.414551 0.426270 0.288086 0.303711
15 0.135254 0.467285 0.268555 0.311523
15 0.080078 0.207031 0.158203 0.255859
15 0.167969 0.061523 0.248047 0.121094
15 0.432129 0.062012 0.313477 0.116211
15 0.702148 0.049316 0.212891 0.096680
15 0.800781 0.667969 0.355469 0.310547
15 0.551270 0.683105 0.229492 0.274414
15 0.288086 0.690918 0.287109 0.237305
15 0.069336 0.676758 0.136719 0.279297
15 0.150879 0.890625 0.299805 0.207031
15 0.413574 0.886230 0.268555 0.211914
15 0.697754 0.883301 0.282227 0.217773
15 0.912598 0.875000 0.174805 0.226562
