15 0.237793 0.243652 0.323242 0.356445
15 0.487793 0.248047 0.321289 0.347656
15 0.770020 0.232422 0.315430 0.320312
15 0.627441 0.483398 0.333008 0.324219
15 0.354980 0.481445 0.319336 0.324219
15 0.241699 0.714355 0.333008 0.323242
15 0.472168 0.709961 0.331055 0.347656
15 0.777832 0.719727 0.352539 0.351562
15 0.379395 0.884766 0.303711 0.230469
15 0.618652 0.886719 0.282227 0.226562
15 0.125000 0.479492 0.222656 0.316406
15 0.866211 0.475098 0.267578 0.350586
15 0.121582 0.882324 0.241211 0.235352
15 0.864746 0.884766 0.270508 0.230469
