15 0.308594 0.074707 0.289062 0.139648
15 0.586914 0.079590 0.224609 0.129883
15 0.839355 0.064941 0.211914 0.114258
15 0.194824 0.262207 0.233398 0.241211
15 0.451660 0.262695 0.270508 0.218750
15 0.736328 0.251465 0.269531 0.260742
15 0.931641 0.252930 0.136719 0.253906
15 0.325684 0.490234 0.266602 0.248047
15 0.191406 0.721680 0.281250 0.287109
15 0.612793 0.513184 0.295898 0.266602
15 0.891113 0.519531 0.206055 0.281250
15 0.726074 0.697266 0.225586 0.269531
15 0.469238 0.710938 0.313477 0.294922
15 0.084473 0.925781 0.166992 0.148438
15 0.312500 0.929688 0.234375 0.140625
15 0.608887 0.917480 0.237305 0.165039
15 0.856445 0.920898 0.136719 0.109375
15 0.915527 0.682617 0.168945 0.273438
