15 0.781250 0.419922 0.271484 0.257812
15 0.514160 0.435059 0.272461 0.286133
15 0.248535 0.421387 0.284180 0.313477
15 0.124512 0.230469 0.247070 0.273438
15 0.393555 0.179688 0.236328 0.240234
15 0.666016 0.205566 0.224609 0.229492
15 0.909668 0.205078 0.180664 0.250000
15 0.801270 0.066406 0.204102 0.115234
15 0.527344 0.052246 0.214844 0.102539
15 0.257812 0.048340 0.287109 0.094727
15 0.103027 0.675293 0.204102 0.243164
15 0.395996 0.675781 0.256836 0.312500
15 0.669922 0.656250 0.208984 0.259766
15 0.902344 0.660156 0.195312 0.240234
15 0.804199 0.868164 0.262695 0.250000
15 0.513672 0.886719 0.296875 0.208984
15 0.252930 0.893555 0.271484 0.175781
15 0.056641 0.889160 0.111328 0.196289
