15 0.592285 0.346680 0.272461 0.296875
15 0.865723 0.354980 0.241211 0.252930
15 0.454590 0.112793 0.229492 0.223633
15 0.736328 0.125488 0.269531 0.249023
15 0.929688 0.146973 0.140625 0.217773
15 0.297363 0.322754 0.313477 0.293945
15 0.166016 0.128418 0.320312 0.254883
15 0.073730 0.346680 0.145508 0.224609
15 0.184570 0.563965 0.275391 0.262695
15 0.471680 0.587891 0.314453 0.275391
15 0.718262 0.586426 0.249023 0.319336
15 0.933105 0.609375 0.133789 0.255859
15 0.880859 0.809570 0.238281 0.306641
15 0.600586 0.784180 0.322266 0.287109
15 0.343750 0.796875 0.322266 0.285156
15 0.097168 0.773926 0.192383 0.291992
15 0.204590 0.942871 0.282227 0.106445
15 0.452637 0.952148 0.286133 0.087891
15 0.725098 0.941895 0.319336 0.092773
