15 0.089844 0.189941 0.177734 0.258789
15 0.300781 0.195801 0.275391 0.247070
15 0.589844 0.190430 0.275391 0.265625
15 0.849609 0.195801 0.294922 0.288086
15 0.713867 0.415039 0.287109 0.277344
15 0.439941 0.428711 0.297852 0.271484
15 0.170410 0.403320 0.313477 0.296875
15 0.094238 0.658203 0.186523 0.216797
15 0.307617 0.650391 0.343750 0.310547
15 0.579102 0.657715 0.289062 0.276367
15 0.851562 0.652832 0.294922 0.231445
15 0.709961 0.877930 0.291016 0.226562
15 0.448242 0.873047 0.304688 0.228516
15 0.178711 0.875000 0.261719 0.226562
15 0.931152 0.874023 0.137695 0.238281
15 0.943359 0.421387 0.113281 0.258789
