15 0.492676 0.216309 0.254883 0.276367
15 0.761230 0.217285 0.239258 0.274414
15 0.610352 0.440918 0.242188 0.297852
15 0.359375 0.423340 0.242188 0.223633
15 0.237305 0.242676 0.271484 0.315430
15 0.093262 0.458496 0.184570 0.299805
15 0.189941 0.660645 0.209961 0.243164
15 0.475098 0.703125 0.331055 0.343750
15 0.743652 0.684082 0.293945 0.256836
15 0.598145 0.854004 0.338867 0.268555
15 0.303223 0.847656 0.299805 0.265625
15 0.105469 0.878418 0.208984 0.208008
15 0.877441 0.879883 0.227539 0.230469
15 0.374023 0.052246 0.224609 0.102539
15 0.661621 0.054688 0.174805 0.107422
15 0.881836 0.052734 0.197266 0.103516
