15 0.225586 0.152344 0.267578 0.263672
15 0.519043 0.140625 0.247070 0.238281
15 0.776855 0.156738 0.250977 0.258789
15 0.972168 0.145020 0.051758 0.288086
15 0.907227 0.365723 0.185547 0.258789
15 0.641113 0.363770 0.264648 0.307617
15 0.383301 0.374512 0.268555 0.288086
15 0.131836 0.375000 0.261719 0.265625
15 0.057129 0.155273 0.112305 0.257812
15 0.229004 0.609863 0.268555 0.252930
15 0.049805 0.631836 0.097656 0.287109
15 0.491699 0.586914 0.280273 0.236328
15 0.780762 0.598633 0.305664 0.320312
15 0.875977 0.840820 0.248047 0.259766
15 0.635254 0.846191 0.278320 0.276367
15 0.361816 0.818359 0.286133 0.277344
15 0.133301 0.839844 0.247070 0.275391
15 0.970215 0.581055 0.059570 0.126953
