15 0.394531 0.193848 0.230469 0.239258
15 0.147461 0.194824 0.250000 0.219727
15 0.064453 0.433105 0.126953 0.254883
15 0.273926 0.416016 0.284180 0.257812
15 0.541504 0.417969 0.278320 0.310547
15 0.661133 0.143555 0.275391 0.238281
15 0.826660 0.434082 0.252930 0.286133
15 0.901855 0.674805 0.168945 0.191406
15 0.685059 0.653809 0.247070 0.225586
15 0.434570 0.669922 0.306641 0.244141
15 0.157715 0.663574 0.313477 0.303711
15 0.067383 0.893066 0.132812 0.213867
15 0.267090 0.883789 0.264648 0.232422
15 0.528809 0.880859 0.282227 0.238281
15 0.800781 0.846191 0.244141 0.233398
