15 0.252930 0.283203 0.232422 0.238281
15 0.540039 0.264648 0.261719 0.265625
15 0.798828 0.257812 0.226562 0.236328
15 0.134277 0.511230 0.266602 0.270508
15 0.398926 0.519043 0.256836 0.270508
15 0.663086 0.516602 0.250000 0.279297
15 0.888184 0.526367 0.223633 0.287109
15 0.534668 0.716797 0.256836 0.267578
15 0.809570 0.732422 0.271484 0.251953
15 0.135742 0.914062 0.244141 0.171875
15 0.408691 0.895996 0.327148 0.208008
15 0.654785 0.919922 0.213867 0.160156
15 0.886230 0.920410 0.227539 0.159180
15 0.120117 0.073730 0.232422 0.145508
15 0.397461 0.073730 0.273438 0.143555
15 0.682617 0.069824 0.236328 0.137695
15 0.916504 0.067383 0.166992 0.130859
