15 0.116699 0.093262 0.231445 0.131836
15 0.369141 0.088379 0.285156 0.174805
15 0.662598 0.088379 0.284180 0.168945
15 0.884277 0.103027 0.219727 0.204102
15 0.763184 0.276855 0.293945 0.270508
15 0.514160 0.274414 0.327148 0.224609
15 0.187988 0.264160 0.303711 0.223633
15 0.360840 0.477539 0.313477 0.292969
15 0.660645 0.482422 0.293945 0.277344
15 0.889160 0.504883 0.221680 0.261719
15 0.782227 0.732910 0.265625 0.252930
15 0.514648 0.728027 0.291016 0.288086
15 0.358398 0.895508 0.365234 0.205078
15 0.646973 0.891602 0.315430 0.197266
15 0.867676 0.897461 0.258789 0.191406
