15 0.676758 0.333496 0.304688 0.266602
15 0.545898 0.116211 0.251953 0.218750
15 0.823242 0.119141 0.273438 0.228516
15 0.904297 0.312500 0.191406 0.271484
15 0.818359 0.565430 0.296875 0.359375
15 0.283691 0.111328 0.290039 0.220703
15 0.080566 0.125977 0.159180 0.208984
15 0.134277 0.324219 0.266602 0.232422
15 0.266113 0.553711 0.256836 0.283203
15 0.384277 0.332031 0.315430 0.312500
15 0.069824 0.573242 0.137695 0.277344
15 0.164551 0.815430 0.252930 0.294922
15 0.440918 0.786621 0.250977 0.262695
15 0.553711 0.553223 0.263672 0.260742
15 0.706543 0.801758 0.278320 0.291016
15 0.543457 0.942383 0.221680 0.103516
15 0.320801 0.945801 0.270508 0.088867
15 0.922363 0.801270 0.155273 0.264648
