15 0.626953 0.097168 0.222656 0.192383
15 0.342285 0.101562 0.268555 0.201172
15 0.106445 0.107422 0.210938 0.212891
15 0.878418 0.090820 0.231445 0.179688
15 0.747559 0.289062 0.278320 0.273438
15 0.481934 0.273438 0.252930 0.251953
15 0.205566 0.275879 0.258789 0.192383
15 0.116211 0.511230 0.230469 0.305664
15 0.369629 0.490234 0.268555 0.246094
15 0.601074 0.533203 0.235352 0.226562
15 0.856934 0.522949 0.286133 0.299805
15 0.741699 0.745117 0.260742 0.287109
15 0.935059 0.748535 0.129883 0.231445
15 0.872070 0.926758 0.246094 0.138672
15 0.608887 0.918457 0.268555 0.133789
15 0.483887 0.756348 0.247070 0.235352
15 0.217773 0.774902 0.328125 0.260742
15 0.329102 0.901855 0.304688 0.188477
15 0.104492 0.932129 0.207031 0.133789
