15 0.894531 0.912109 0.179688 0.158203
15 0.686523 0.898438 0.240234 0.183594
15 0.404297 0.898926 0.283203 0.168945
15 0.127930 0.874512 0.253906 0.237305
15 0.065430 0.706543 0.128906 0.264648
15 0.265137 0.689453 0.239258 0.255859
15 0.563477 0.708008 0.271484 0.230469
15 0.805176 0.704590 0.258789 0.291992
15 0.886719 0.507812 0.226562 0.281250
15 0.691895 0.466797 0.311523 0.320312
15 0.406738 0.490723 0.260742 0.354492
15 0.118652 0.507324 0.235352 0.233398
15 0.081055 0.273438 0.160156 0.216797
15 0.286133 0.240723 0.246094 0.266602
15 0.516602 0.238281 0.298828 0.253906
15 0.798828 0.246582 0.273438 0.344727
15 0.395996 0.069336 0.229492 0.136719
15 0.645508 0.067871 0.275391 0.133789
15 0.913086 0.073242 0.173828 0.130859
15 0.118164 0.072754 0.230469 0.143555
