15 0.122070 0.113770 0.242188 0.206055
15 0.362305 0.124512 0.250000 0.223633
15 0.610352 0.110840 0.224609 0.204102
15 0.882812 0.108398 0.230469 0.197266
15 0.779297 0.282715 0.263672 0.245117
15 0.531250 0.311035 0.232422 0.208008
15 0.236328 0.329102 0.232422 0.246094
15 0.103027 0.581543 0.204102 0.295898
15 0.350098 0.552734 0.258789 0.277344
15 0.607422 0.527832 0.203125 0.282227
15 0.886230 0.533203 0.227539 0.261719
15 0.791504 0.751465 0.252930 0.256836
15 0.518555 0.771484 0.271484 0.242188
15 0.257324 0.791992 0.245117 0.240234
15 0.365234 0.929199 0.250000 0.141602
15 0.102539 0.948730 0.203125 0.102539
15 0.621094 0.922852 0.291016 0.154297
15 0.910645 0.928223 0.178711 0.143555
