15 0.120605 0.120605 0.239258 0.217773
15 0.385254 0.139648 0.274414 0.224609
15 0.682617 0.143066 0.271484 0.243164
15 0.914062 0.128906 0.166016 0.230469
15 0.793457 0.348633 0.229492 0.234375
15 0.546875 0.359375 0.263672 0.292969
15 0.289062 0.337891 0.261719 0.259766
15 0.149902 0.592773 0.288086 0.281250
15 0.399902 0.583496 0.243164 0.260742
15 0.666504 0.600586 0.219727 0.253906
15 0.919434 0.558594 0.161133 0.306641
15 0.820801 0.818848 0.241211 0.235352
15 0.542480 0.792969 0.245117 0.259766
15 0.287109 0.796875 0.232422 0.255859
15 0.082031 0.333008 0.162109 0.250000
