15 0.140137 0.111328 0.258789 0.220703
15 0.371094 0.110840 0.292969 0.204102
15 0.660645 0.110840 0.286133 0.213867
15 0.905762 0.105469 0.188477 0.208984
15 0.255859 0.304199 0.255859 0.262695
15 0.512695 0.301758 0.277344 0.271484
15 0.795898 0.311035 0.289062 0.282227
15 0.126465 0.534668 0.250977 0.329102
15 0.392090 0.544434 0.258789 0.286133
15 0.666016 0.534180 0.343750 0.347656
15 0.254883 0.756836 0.283203 0.312500
15 0.564453 0.778320 0.298828 0.291016
15 0.832031 0.740723 0.261719 0.321289
