15 0.103027 0.113281 0.204102 0.222656
15 0.345703 0.118652 0.242188 0.229492
15 0.617188 0.113770 0.240234 0.202148
15 0.212402 0.335938 0.229492 0.246094
15 0.458984 0.335449 0.271484 0.262695
15 0.720215 0.334961 0.254883 0.259766
15 0.933105 0.309082 0.133789 0.264648
15 0.108887 0.579102 0.215820 0.261719
15 0.342773 0.575684 0.226562 0.254883
15 0.599609 0.536621 0.275391 0.291992
15 0.879883 0.547363 0.240234 0.241211
15 0.212891 0.774414 0.255859 0.248047
15 0.112305 0.928711 0.212891 0.142578
15 0.351074 0.937988 0.280273 0.124023
15 0.441406 0.783203 0.240234 0.253906
15 0.744141 0.789062 0.279297 0.240234
15 0.944824 0.807129 0.110352 0.231445
