15 0.231445 0.199219 0.289062 0.226562
15 0.512207 0.205566 0.272461 0.239258
15 0.778320 0.186523 0.208984 0.238281
15 0.888672 0.417969 0.222656 0.289062
15 0.644531 0.420410 0.300781 0.288086
15 0.405273 0.387695 0.267578 0.265625
15 0.142090 0.411133 0.282227 0.335938
15 0.237793 0.654297 0.268555 0.289062
15 0.498047 0.652832 0.232422 0.295898
15 0.798340 0.645508 0.270508 0.263672
15 0.644531 0.867188 0.263672 0.246094
15 0.891602 0.879395 0.214844 0.241211
15 0.386230 0.861328 0.272461 0.273438
15 0.125000 0.859375 0.248047 0.281250
