15 0.278809 0.265137 0.258789 0.239258
15 0.553223 0.275391 0.221680 0.220703
15 0.831055 0.283203 0.279297 0.250000
15 0.159668 0.507812 0.256836 0.275391
15 0.434082 0.517090 0.254883 0.290039
15 0.713379 0.516602 0.284180 0.302734
15 0.572754 0.711914 0.258789 0.265625
15 0.308105 0.729980 0.290039 0.278320
15 0.834961 0.720703 0.275391 0.296875
15 0.169434 0.908203 0.262695 0.183594
15 0.077148 0.276855 0.152344 0.204102
15 0.161133 0.077637 0.232422 0.151367
15 0.725586 0.091797 0.265625 0.181641
15 0.811523 0.264648 0.289062 0.263672
15 0.424805 0.085449 0.263672 0.161133
15 0.435547 0.906738 0.296875 0.186523
15 0.716797 0.906738 0.291016 0.186523
15 0.909180 0.513184 0.181641 0.274414
