15 0.136719 0.130859 0.236328 0.228516
15 0.394043 0.125000 0.211914 0.248047
15 0.669922 0.128418 0.212891 0.229492
15 0.912598 0.126953 0.174805 0.250000
15 0.293945 0.351562 0.285156 0.261719
15 0.538086 0.345703 0.250000 0.263672
15 0.802246 0.333984 0.262695 0.259766
15 0.424805 0.566895 0.242188 0.204102
15 0.175293 0.575684 0.206055 0.208008
15 0.079102 0.784180 0.156250 0.255859
15 0.285156 0.802246 0.292969 0.303711
15 0.557617 0.809570 0.273438 0.279297
15 0.682129 0.581543 0.284180 0.231445
15 0.910156 0.587891 0.179688 0.248047
15 0.842773 0.818359 0.269531 0.248047
