15 0.852051 0.072754 0.206055 0.143555
15 0.576172 0.079590 0.246094 0.157227
15 0.308105 0.081543 0.293945 0.149414
15 0.082520 0.063477 0.163086 0.125000
15 0.132812 0.271484 0.263672 0.283203
15 0.439941 0.237793 0.268555 0.272461
15 0.673340 0.287598 0.385742 0.297852
15 0.929199 0.223145 0.141602 0.243164
15 0.836426 0.493652 0.282227 0.307617
15 0.569824 0.489746 0.319336 0.276367
15 0.302246 0.486328 0.250977 0.292969
15 0.074707 0.490234 0.147461 0.240234
15 0.196777 0.719238 0.290039 0.282227
15 0.445312 0.734375 0.232422 0.244141
15 0.708984 0.710449 0.281250 0.239258
15 0.936035 0.735840 0.127930 0.268555
15 0.833984 0.901855 0.332031 0.168945
15 0.561523 0.896484 0.316406 0.197266
15 0.319336 0.916504 0.291016 0.151367
15 0.098145 0.892578 0.194336 0.201172
