15 0.180176 0.665039 0.250977 0.228516
15 0.292480 0.459961 0.241211 0.236328
15 0.447754 0.221680 0.250977 0.242188
15 0.566406 0.468262 0.267578 0.260742
15 0.737793 0.214844 0.243164 0.218750
15 0.937988 0.235352 0.124023 0.236328
15 0.854980 0.463379 0.290039 0.250977
15 0.750977 0.657715 0.257812 0.282227
15 0.945801 0.704102 0.108398 0.269531
15 0.078125 0.879883 0.154297 0.214844
15 0.279785 0.878906 0.233398 0.242188
15 0.566406 0.891113 0.253906 0.211914
15 0.858398 0.888184 0.259766 0.223633
