15 0.202637 0.266113 0.297852 0.323242
15 0.473145 0.265625 0.293945 0.322266
15 0.733398 0.272949 0.316406 0.299805
15 0.328125 0.490723 0.263672 0.278320
15 0.602539 0.495605 0.291016 0.305664
15 0.863281 0.503906 0.257812 0.275391
15 0.212402 0.698242 0.305664 0.335938
15 0.478027 0.735352 0.284180 0.275391
15 0.746582 0.727051 0.284180 0.321289
15 0.343750 0.099121 0.283203 0.196289
15 0.354980 0.902832 0.307617 0.194336
15 0.623535 0.893066 0.272461 0.213867
15 0.871094 0.894043 0.257812 0.211914
