15 0.229980 0.555664 0.274414 0.269531
15 0.115723 0.316406 0.229492 0.218750
15 0.202148 0.119629 0.273438 0.237305
15 0.477051 0.120605 0.225586 0.219727
15 0.751465 0.137695 0.256836 0.240234
15 0.628906 0.312012 0.312500 0.258789
15 0.885742 0.332031 0.220703 0.273438
15 0.770020 0.577637 0.202148 0.235352
15 0.521484 0.567871 0.277344 0.254883
15 0.124512 0.831055 0.247070 0.285156
15 0.360840 0.812988 0.249023 0.229492
15 0.614258 0.813965 0.238281 0.254883
15 0.868652 0.795410 0.262695 0.237305
