15 0.732422 0.143066 0.294922 0.262695
15 0.479492 0.155273 0.281250 0.269531
15 0.185547 0.149414 0.255859 0.296875
15 0.104492 0.410645 0.207031 0.247070
15 0.348145 0.359375 0.233398 0.287109
15 0.580566 0.367188 0.215820 0.271484
15 0.856934 0.356934 0.272461 0.278320
15 0.708496 0.604492 0.342773 0.265625
15 0.463867 0.598633 0.316406 0.308594
15 0.227539 0.614258 0.292969 0.251953
15 0.107910 0.829102 0.213867 0.291016
15 0.341797 0.823242 0.253906 0.224609
15 0.626953 0.820801 0.226562 0.252930
15 0.858887 0.816406 0.202148 0.195312
15 0.952148 0.609375 0.095703 0.255859
