15 0.195312 0.104004 0.259766 0.204102
15 0.437012 0.109863 0.247070 0.198242
15 0.734863 0.103516 0.258789 0.201172
15 0.633789 0.283691 0.248047 0.237305
15 0.330566 0.306641 0.258789 0.273438
15 0.087891 0.321777 0.173828 0.229492
15 0.191406 0.536621 0.234375 0.215820
15 0.083496 0.751465 0.165039 0.280273
15 0.178223 0.920410 0.284180 0.159180
15 0.303711 0.741699 0.281250 0.239258
15 0.472168 0.527344 0.266602 0.250000
15 0.732422 0.543945 0.250000 0.275391
15 0.882324 0.308594 0.233398 0.244141
15 0.928223 0.564941 0.143555 0.280273
15 0.853027 0.758789 0.278320 0.259766
15 0.457031 0.913086 0.244141 0.173828
15 0.747070 0.936035 0.246094 0.127930
