15 0.257812 0.231445 0.236328 0.220703
15 0.060547 0.247559 0.119141 0.264648
15 0.125488 0.428711 0.249023 0.275391
15 0.398438 0.440430 0.250000 0.240234
15 0.554688 0.222168 0.212891 0.221680
15 0.819336 0.208008 0.261719 0.255859
15 0.685547 0.422852 0.263672 0.275391
15 0.913086 0.457520 0.173828 0.272461
15 0.547363 0.635742 0.243164 0.230469
15 0.822266 0.666992 0.251953 0.226562
15 0.140137 0.873535 0.239258 0.252930
15 0.412598 0.864746 0.290039 0.256836
15 0.695312 0.876953 0.255859 0.234375
15 0.916992 0.884766 0.166016 0.224609
15 0.076172 0.667969 0.150391 0.230469
