15 0.176270 0.165527 0.252930 0.208008
15 0.453613 0.166016 0.247070 0.244141
15 0.739746 0.180176 0.239258 0.245117
15 0.864746 0.379883 0.233398 0.263672
15 0.615723 0.420410 0.299805 0.282227
15 0.357422 0.400879 0.292969 0.245117
15 0.110352 0.410156 0.201172 0.275391
15 0.173828 0.624512 0.294922 0.274414
15 0.466797 0.631348 0.257812 0.272461
15 0.710938 0.626465 0.283203 0.291992
15 0.941406 0.621094 0.117188 0.273438
15 0.098633 0.867676 0.195312 0.260742
15 0.307617 0.868652 0.218750 0.219727
15 0.589355 0.874023 0.278320 0.226562
15 0.864746 0.860840 0.215820 0.235352
