15 0.151367 0.123047 0.298828 0.244141
15 0.424805 0.127930 0.279297 0.250000
15 0.290527 0.314453 0.291992 0.296875
15 0.560059 0.308594 0.297852 0.310547
15 0.821777 0.285645 0.295898 0.317383
15 0.161621 0.532227 0.260742 0.279297
15 0.416504 0.534668 0.282227 0.288086
15 0.683594 0.541992 0.341797 0.326172
15 0.275879 0.763184 0.305664 0.297852
15 0.553711 0.750488 0.291016 0.303711
15 0.842773 0.778320 0.277344 0.265625
15 0.895020 0.532227 0.209961 0.285156
15 0.099609 0.301270 0.183594 0.317383
15 0.687012 0.131348 0.284180 0.260742
