15 0.130859 0.163086 0.240234 0.289062
15 0.381348 0.162109 0.282227 0.285156
15 0.656250 0.163086 0.275391 0.289062
15 0.892090 0.154785 0.215820 0.293945
15 0.252441 0.387695 0.237305 0.283203
15 0.511230 0.385254 0.286133 0.297852
15 0.786621 0.409180 0.278320 0.296875
15 0.125488 0.617188 0.249023 0.283203
15 0.380371 0.621582 0.264648 0.249023
15 0.661133 0.606934 0.287109 0.268555
15 0.893555 0.616699 0.212891 0.313477
15 0.239258 0.820312 0.279297 0.308594
15 0.511719 0.836426 0.283203 0.327148
15 0.801758 0.849609 0.277344 0.277344
