15 0.309082 0.232910 0.290039 0.254883
15 0.578125 0.231934 0.271484 0.272461
15 0.843262 0.230469 0.237305 0.275391
15 0.153320 0.465332 0.285156 0.295898
15 0.436523 0.461426 0.287109 0.303711
15 0.723633 0.487793 0.261719 0.278320
15 0.304688 0.677246 0.289062 0.284180
15 0.581055 0.690430 0.248047 0.251953
15 0.847656 0.685059 0.271484 0.262695
15 0.153320 0.891602 0.232422 0.216797
15 0.429688 0.889160 0.265625 0.221680
15 0.704590 0.895020 0.233398 0.209961
15 0.937012 0.438965 0.125977 0.190430
15 0.923340 0.887695 0.153320 0.224609
