15 0.263672 0.286133 0.279297 0.257812
15 0.541016 0.277832 0.228516 0.215820
15 0.811523 0.279297 0.207031 0.191406
15 0.142578 0.084961 0.238281 0.167969
15 0.420410 0.089355 0.239258 0.176758
15 0.681152 0.084961 0.237305 0.167969
15 0.134277 0.521973 0.249023 0.262695
15 0.406250 0.521973 0.236328 0.243164
15 0.687500 0.514160 0.300781 0.266602
15 0.912598 0.516602 0.174805 0.220703
15 0.282227 0.728027 0.292969 0.293945
15 0.558594 0.744629 0.250000 0.254883
15 0.827637 0.736328 0.297852 0.291016
15 0.401855 0.905273 0.293945 0.183594
15 0.685059 0.900391 0.299805 0.199219
