15 0.569824 0.275391 0.340820 0.253906
15 0.833984 0.296875 0.296875 0.226562
15 0.716797 0.083008 0.230469 0.164062
15 0.437012 0.088867 0.297852 0.175781
15 0.145508 0.102051 0.244141 0.202148
15 0.085938 0.248047 0.169922 0.236328
15 0.276367 0.291016 0.240234 0.281250
15 0.141602 0.478516 0.281250 0.246094
15 0.433594 0.521973 0.292969 0.235352
15 0.719238 0.518066 0.250977 0.252930
15 0.941895 0.524414 0.116211 0.332031
15 0.843750 0.734375 0.273438 0.306641
15 0.545410 0.738770 0.291992 0.252930
15 0.320312 0.759277 0.294922 0.293945
15 0.105469 0.738281 0.208984 0.291016
15 0.155762 0.916992 0.237305 0.156250
15 0.431152 0.915039 0.272461 0.162109
15 0.716797 0.914551 0.306641 0.163086
