15 0.224121 0.149414 0.288086 0.289062
15 0.487305 0.150879 0.304688 0.282227
15 0.777344 0.156738 0.298828 0.311523
15 0.360840 0.375977 0.272461 0.279297
15 0.629395 0.372070 0.301758 0.312500
15 0.878418 0.364746 0.243164 0.329102
15 0.231934 0.617676 0.288086 0.291992
15 0.490723 0.619629 0.299805 0.327148
15 0.777344 0.609863 0.285156 0.325195
15 0.366211 0.811035 0.265625 0.319336
15 0.648438 0.832031 0.291016 0.292969
15 0.879883 0.819824 0.240234 0.301758
15 0.131348 0.826660 0.260742 0.309570
