15 0.111328 0.154785 0.210938 0.288086
15 0.371094 0.169434 0.263672 0.274414
15 0.623047 0.177246 0.248047 0.276367
15 0.869141 0.155762 0.261719 0.305664
15 0.761719 0.393066 0.300781 0.311523
15 0.479492 0.389160 0.250000 0.278320
15 0.201660 0.381348 0.256836 0.256836
15 0.108887 0.606445 0.215820 0.310547
15 0.356445 0.619629 0.285156 0.299805
15 0.624023 0.631348 0.246094 0.278320
15 0.882812 0.635742 0.220703 0.261719
15 0.777344 0.838379 0.275391 0.303711
15 0.488281 0.834961 0.302734 0.302734
15 0.220215 0.832031 0.360352 0.287109
