15 0.193359 0.177734 0.238281 0.207031
15 0.500000 0.183594 0.210938 0.183594
15 0.744141 0.166016 0.216797 0.236328
15 0.939453 0.187012 0.121094 0.211914
15 0.102051 0.422852 0.202148 0.250000
15 0.336426 0.422363 0.249023 0.268555
15 0.604492 0.426270 0.263672 0.258789
15 0.881348 0.437500 0.237305 0.240234
15 0.238770 0.677734 0.270508 0.259766
15 0.495605 0.659180 0.233398 0.269531
15 0.720215 0.640137 0.245117 0.247070
15 0.892090 0.840332 0.215820 0.272461
15 0.632812 0.884277 0.248047 0.231445
15 0.360840 0.882324 0.252930 0.235352
15 0.115234 0.877930 0.228516 0.244141
