15 0.171875 0.172852 0.292969 0.322266
15 0.467285 0.178223 0.297852 0.260742
15 0.727051 0.163086 0.288086 0.271484
15 0.591797 0.404785 0.341797 0.340820
15 0.330566 0.390625 0.280273 0.287109
15 0.102051 0.383301 0.202148 0.274414
15 0.172852 0.635254 0.291016 0.311523
15 0.443359 0.604004 0.281250 0.309570
15 0.731934 0.621582 0.290039 0.291992
15 0.343750 0.854980 0.298828 0.249023
15 0.605957 0.856934 0.241211 0.258789
15 0.860840 0.853027 0.227539 0.239258
15 0.094727 0.852051 0.183594 0.235352
15 0.868164 0.386719 0.242188 0.289062
