15 0.668457 0.264648 0.286133 0.218750
15 0.817383 0.083984 0.244141 0.166016
15 0.543457 0.088379 0.301758 0.174805
15 0.252441 0.078613 0.249023 0.155273
15 0.067871 0.074707 0.133789 0.141602
15 0.145508 0.263184 0.261719 0.233398
15 0.380859 0.249512 0.283203 0.231445
15 0.528320 0.545410 0.246094 0.258789
15 0.914551 0.270508 0.170898 0.222656
15 0.815430 0.513184 0.277344 0.293945
15 0.679199 0.726562 0.299805 0.267578
15 0.906738 0.722168 0.186523 0.274414
15 0.434082 0.746582 0.272461 0.250977
15 0.283203 0.507812 0.287109 0.320312
15 0.140137 0.698730 0.215820 0.180664
15 0.064941 0.553711 0.127930 0.242188
15 0.256836 0.906250 0.277344 0.162109
15 0.058594 0.919434 0.115234 0.137695
15 0.546387 0.909180 0.272461 0.158203
15 0.828125 0.903809 0.302734 0.174805
