15 0.500488 0.509766 0.284180 0.279297
15 0.780762 0.514160 0.293945 0.282227
15 0.374023 0.733887 0.300781 0.274414
15 0.629395 0.741211 0.278320 0.263672
15 0.873535 0.746094 0.252930 0.271484
15 0.253906 0.914062 0.261719 0.171875
15 0.494629 0.906738 0.270508 0.186523
15 0.797363 0.895508 0.286133 0.208984
15 0.124512 0.719727 0.245117 0.246094
15 0.367676 0.270996 0.204102 0.186523
15 0.636230 0.273438 0.188477 0.166016
15 0.887207 0.271973 0.225586 0.243164
15 0.106445 0.276367 0.208984 0.216797
15 0.234375 0.093262 0.267578 0.184570
15 0.515625 0.092773 0.277344 0.181641
15 0.788574 0.081543 0.225586 0.155273
