15 0.182617 0.173340 0.285156 0.290039
15 0.452148 0.177734 0.281250 0.294922
15 0.582031 0.378418 0.304688 0.325195
15 0.741699 0.159668 0.250977 0.274414
15 0.856934 0.391113 0.282227 0.286133
15 0.459473 0.624023 0.260742 0.240234
15 0.724609 0.623047 0.251953 0.232422
15 0.184082 0.634766 0.249023 0.253906
15 0.279785 0.853516 0.342773 0.292969
15 0.583008 0.853516 0.292969 0.277344
15 0.849609 0.850098 0.300781 0.299805
15 0.305176 0.382324 0.293945 0.293945
15 0.090820 0.379883 0.179688 0.302734
