15 0.312988 0.169922 0.231445 0.210938
15 0.604492 0.163574 0.210938 0.209961
15 0.841797 0.155273 0.228516 0.238281
15 0.208984 0.385742 0.298828 0.273438
15 0.473633 0.396484 0.222656 0.251953
15 0.750000 0.400879 0.279297 0.254883
15 0.107910 0.604980 0.213867 0.274414
15 0.365723 0.605469 0.305664 0.291016
15 0.626465 0.606934 0.229492 0.260742
15 0.858887 0.612305 0.233398 0.277344
15 0.184570 0.862793 0.298828 0.270508
15 0.472656 0.873047 0.248047 0.240234
15 0.728027 0.854980 0.247070 0.221680
