15 0.075195 0.138672 0.148438 0.242188
15 0.310059 0.122070 0.276367 0.230469
15 0.579102 0.161621 0.242188 0.254883
15 0.852051 0.132324 0.241211 0.223633
15 0.198730 0.344238 0.284180 0.233398
15 0.437988 0.326660 0.221680 0.227539
15 0.704102 0.341309 0.306641 0.278320
15 0.925781 0.356934 0.148438 0.223633
15 0.090820 0.596191 0.179688 0.245117
15 0.313965 0.588867 0.254883 0.259766
15 0.584473 0.574707 0.264648 0.250977
15 0.847168 0.594727 0.276367 0.250000
15 0.167480 0.809082 0.291992 0.327148
15 0.434082 0.824707 0.260742 0.225586
15 0.718750 0.829590 0.287109 0.227539
15 0.952148 0.838867 0.095703 0.248047
