15 0.100098 0.257324 0.198242 0.249023
15 0.333008 0.257324 0.271484 0.260742
15 0.598633 0.261230 0.240234 0.266602
15 0.867676 0.251953 0.260742 0.259766
15 0.795410 0.508301 0.299805 0.268555
15 0.510254 0.512207 0.303711 0.286133
15 0.242188 0.500488 0.242188 0.254883
15 0.114258 0.696289 0.226562 0.275391
15 0.372070 0.734375 0.281250 0.273438
15 0.235352 0.914062 0.207031 0.171875
15 0.765137 0.886719 0.309570 0.226562
15 0.883789 0.723145 0.232422 0.264648
15 0.504395 0.928223 0.137695 0.098633
15 0.656250 0.706055 0.121094 0.101562
15 0.191895 0.049805 0.200195 0.093750
15 0.477539 0.057129 0.271484 0.100586
15 0.747070 0.062012 0.242188 0.120117
