15 0.256348 0.137207 0.319336 0.256836
15 0.508301 0.131348 0.254883 0.256836
15 0.791504 0.126953 0.276367 0.248047
15 0.121582 0.359863 0.241211 0.315430
15 0.376465 0.374512 0.303711 0.334961
15 0.664551 0.360352 0.331055 0.355469
15 0.243652 0.587402 0.293945 0.346680
15 0.508789 0.591309 0.298828 0.346680
15 0.785156 0.583984 0.300781 0.349609
15 0.125977 0.803223 0.242188 0.301758
15 0.380371 0.813477 0.286133 0.300781
15 0.651855 0.797852 0.284180 0.302734
15 0.893066 0.811035 0.213867 0.303711
