15 0.270996 0.068848 0.184570 0.131836
15 0.174316 0.270020 0.258789 0.270508
15 0.069824 0.515625 0.137695 0.240234
15 0.166504 0.733398 0.278320 0.277344
15 0.080078 0.907715 0.158203 0.184570
15 0.316406 0.929688 0.244141 0.140625
15 0.440918 0.706543 0.270508 0.309570
15 0.576172 0.511719 0.259766 0.242188
15 0.435547 0.268066 0.251953 0.249023
15 0.544434 0.065918 0.272461 0.122070
15 0.850098 0.061523 0.276367 0.121094
15 0.716309 0.261230 0.245117 0.252930
15 0.922852 0.280762 0.154297 0.247070
15 0.852539 0.518066 0.255859 0.266602
15 0.905273 0.750977 0.189453 0.259766
15 0.695801 0.755859 0.258789 0.275391
15 0.609375 0.932617 0.226562 0.134766
15 0.869141 0.932129 0.246094 0.135742
