15 0.573730 0.288574 0.315430 0.290039
15 0.283203 0.313477 0.269531 0.279297
15 0.082031 0.295898 0.162109 0.265625
15 0.128906 0.097168 0.246094 0.192383
15 0.414551 0.095215 0.208008 0.188477
15 0.689941 0.096680 0.272461 0.191406
15 0.895996 0.118164 0.208008 0.197266
15 0.833496 0.280762 0.215820 0.282227
15 0.679199 0.522461 0.247070 0.275391
15 0.928223 0.538086 0.143555 0.285156
15 0.816895 0.757812 0.303711 0.308594
15 0.568848 0.740723 0.301758 0.252930
15 0.289062 0.739746 0.263672 0.245117
15 0.402832 0.527344 0.297852 0.302734
15 0.143555 0.535645 0.205078 0.282227
15 0.073242 0.735352 0.144531 0.222656
15 0.428711 0.918457 0.314453 0.143555
15 0.677246 0.922363 0.319336 0.153320
15 0.158691 0.927734 0.315430 0.126953
