15 0.846191 0.174316 0.282227 0.268555
15 0.601074 0.177734 0.268555 0.285156
15 0.328125 0.160645 0.275391 0.262695
15 0.097168 0.166016 0.192383 0.261719
15 0.228027 0.401367 0.245117 0.201172
15 0.482910 0.402344 0.282227 0.275391
15 0.751465 0.392578 0.286133 0.242188
15 0.873047 0.636230 0.253906 0.293945
15 0.621582 0.655762 0.286133 0.241211
15 0.344238 0.625977 0.254883 0.244141
15 0.088867 0.647461 0.175781 0.253906
15 0.194336 0.841797 0.335938 0.265625
15 0.465820 0.847656 0.300781 0.250000
15 0.746094 0.851074 0.291016 0.282227
15 0.953125 0.862793 0.093750 0.233398
15 0.953125 0.401367 0.093750 0.185547
