15 0.762207 0.232910 0.217773 0.235352
15 0.516113 0.238281 0.250977 0.234375
15 0.211426 0.235840 0.250977 0.235352
15 0.123535 0.468750 0.245117 0.269531
15 0.354492 0.486816 0.291016 0.291992
15 0.635742 0.469238 0.277344 0.293945
15 0.886719 0.490234 0.226562 0.318359
15 0.756348 0.680176 0.256836 0.278320
15 0.492188 0.679688 0.214844 0.216797
15 0.242188 0.692871 0.238281 0.213867
15 0.107422 0.897949 0.212891 0.204102
15 0.357910 0.898438 0.223633 0.197266
15 0.614258 0.896973 0.246094 0.206055
15 0.891113 0.895996 0.217773 0.208008
15 0.355957 0.061523 0.252930 0.121094
15 0.625000 0.061035 0.251953 0.116211
15 0.898926 0.061523 0.202148 0.121094
15 0.101562 0.071777 0.201172 0.127930
