15 0.303223 0.183105 0.274414 0.225586
15 0.096191 0.199707 0.190430 0.266602
15 0.168945 0.405762 0.298828 0.276367
15 0.438477 0.424316 0.283203 0.297852
15 0.705566 0.416992 0.266602 0.287109
15 0.861816 0.165039 0.272461 0.216797
15 0.917969 0.417969 0.164062 0.320312
15 0.873047 0.679199 0.253906 0.245117
15 0.616211 0.664062 0.265625 0.277344
15 0.343262 0.644531 0.284180 0.273438
15 0.083984 0.622559 0.166016 0.225586
15 0.144043 0.875977 0.286133 0.248047
15 0.423340 0.884766 0.270508 0.230469
15 0.708008 0.895020 0.212891 0.209961
15 0.933594 0.896484 0.132812 0.207031
15 0.606445 0.182617 0.107422 0.107422
