15 0.605957 0.239258 0.237305 0.281250
15 0.474609 0.081543 0.253906 0.161133
15 0.211426 0.077637 0.249023 0.153320
15 0.085938 0.260742 0.169922 0.212891
15 0.354492 0.277344 0.232422 0.246094
15 0.187988 0.472656 0.252930 0.281250
15 0.101074 0.721191 0.200195 0.272461
15 0.335449 0.690918 0.249023 0.317383
15 0.479980 0.520508 0.217773 0.289062
15 0.610352 0.704590 0.263672 0.282227
15 0.882812 0.702148 0.234375 0.324219
15 0.741699 0.488281 0.235352 0.265625
15 0.853516 0.268555 0.292969 0.298828
15 0.935547 0.500977 0.128906 0.169922
15 0.731445 0.897461 0.224609 0.179688
15 0.459473 0.905273 0.291992 0.166016
15 0.208496 0.894531 0.288086 0.146484
15 0.730469 0.082031 0.271484 0.150391
