15 0.250488 0.087891 0.254883 0.166016
15 0.519531 0.087891 0.244141 0.156250
15 0.784668 0.080078 0.241211 0.150391
15 0.392090 0.267090 0.291992 0.239258
15 0.056641 0.234375 0.076172 0.082031
15 0.643066 0.254395 0.250977 0.227539
15 0.886719 0.252441 0.226562 0.262695
15 0.769531 0.483398 0.283203 0.265625
15 0.512207 0.491699 0.208008 0.258789
15 0.294434 0.487305 0.258789 0.261719
15 0.051758 0.507324 0.101562 0.219727
15 0.112793 0.724121 0.223633 0.239258
15 0.243652 0.909180 0.202148 0.181641
15 0.360840 0.722656 0.241211 0.212891
15 0.469727 0.892090 0.300781 0.196289
15 0.903809 0.709473 0.192383 0.211914
15 0.792480 0.496582 0.249023 0.270508
15 0.828125 0.927734 0.154297 0.144531
