15 0.168457 0.240723 0.262695 0.321289
15 0.426758 0.236816 0.240234 0.309570
15 0.699219 0.264648 0.255859 0.226562
15 0.925293 0.285156 0.149414 0.212891
15 0.075195 0.476074 0.148438 0.274414
15 0.287109 0.494629 0.271484 0.258789
15 0.562500 0.498535 0.269531 0.297852
15 0.854004 0.490234 0.249023 0.244141
15 0.164062 0.731934 0.242188 0.252930
15 0.421875 0.729004 0.277344 0.262695
15 0.701660 0.718262 0.260742 0.260742
15 0.914551 0.731445 0.170898 0.261719
15 0.079590 0.891113 0.157227 0.217773
15 0.274902 0.912109 0.225586 0.175781
15 0.560059 0.913574 0.231445 0.172852
15 0.823242 0.903809 0.228516 0.192383
