15 0.282715 0.102051 0.301758 0.202148
15 0.452148 0.283691 0.304688 0.288086
15 0.177734 0.286621 0.292969 0.336914
15 0.711426 0.287598 0.321289 0.311523
15 0.587891 0.112793 0.318359 0.223633
15 0.312988 0.509277 0.272461 0.268555
15 0.573730 0.547363 0.305664 0.286133
15 0.851074 0.546387 0.272461 0.290039
15 0.185059 0.742676 0.305664 0.327148
15 0.439453 0.761230 0.322266 0.331055
15 0.720703 0.738281 0.330078 0.335938
15 0.291992 0.902344 0.326172 0.195312
15 0.857422 0.906738 0.285156 0.186523
15 0.099609 0.509277 0.195312 0.334961
15 0.586914 0.894531 0.318359 0.210938
