15 0.136719 0.317871 0.271484 0.360352
15 0.398438 0.313965 0.271484 0.282227
15 0.678223 0.313477 0.237305 0.273438
15 0.901855 0.300293 0.196289 0.264648
15 0.825684 0.105469 0.274414 0.205078
15 0.541504 0.093750 0.282227 0.167969
15 0.296875 0.082031 0.224609 0.142578
15 0.086426 0.072754 0.170898 0.114258
15 0.136719 0.749023 0.265625 0.302734
15 0.419922 0.782715 0.279297 0.249023
15 0.676270 0.787598 0.254883 0.258789
15 0.902832 0.799805 0.194336 0.250000
15 0.793945 0.554688 0.283203 0.255859
15 0.557129 0.560059 0.241211 0.245117
15 0.295898 0.529785 0.298828 0.256836
15 0.280762 0.927246 0.219727 0.145508
15 0.558594 0.942871 0.220703 0.114258
15 0.831543 0.945801 0.241211 0.096680
