15 0.690918 0.464355 0.291992 0.317383
15 0.417480 0.471680 0.256836 0.292969
15 0.145996 0.482422 0.266602 0.283203
15 0.287598 0.684570 0.272461 0.277344
15 0.569824 0.694336 0.290039 0.291016
15 0.838379 0.709961 0.290039 0.296875
15 0.681641 0.883789 0.277344 0.232422
15 0.416016 0.900879 0.251953 0.198242
15 0.138184 0.894531 0.262695 0.210938
15 0.280273 0.232910 0.267578 0.231445
15 0.544922 0.224121 0.273438 0.237305
15 0.807129 0.223145 0.284180 0.278320
15 0.886230 0.880859 0.227539 0.238281
