15 0.439453 0.412598 0.248047 0.278320
15 0.690430 0.411133 0.333984 0.300781
15 0.560059 0.176758 0.272461 0.310547
15 0.272461 0.164062 0.287109 0.294922
15 0.107422 0.168945 0.212891 0.332031
15 0.159180 0.395996 0.285156 0.319336
15 0.303223 0.627930 0.278320 0.271484
15 0.067383 0.600586 0.132812 0.302734
15 0.568359 0.628906 0.304688 0.291016
15 0.811523 0.614746 0.318359 0.309570
15 0.921875 0.364258 0.154297 0.283203
15 0.847168 0.170898 0.305664 0.287109
15 0.714844 0.863770 0.277344 0.272461
15 0.425293 0.842285 0.297852 0.303711
15 0.162598 0.842773 0.323242 0.279297
15 0.934082 0.862305 0.125977 0.230469
