15 0.240723 0.124512 0.252930 0.245117
15 0.112305 0.334473 0.222656 0.282227
15 0.387695 0.333984 0.296875 0.304688
15 0.500000 0.104980 0.207031 0.194336
15 0.783203 0.126465 0.265625 0.233398
15 0.621582 0.327148 0.241211 0.224609
15 0.900391 0.354980 0.199219 0.243164
15 0.791504 0.564453 0.192383 0.201172
15 0.555176 0.578125 0.200195 0.193359
15 0.268066 0.547363 0.239258 0.293945
15 0.130859 0.769043 0.259766 0.211914
15 0.253418 0.927734 0.254883 0.144531
15 0.373047 0.782227 0.242188 0.242188
15 0.630371 0.803711 0.247070 0.261719
15 0.904785 0.780762 0.190430 0.211914
15 0.798828 0.951172 0.250000 0.097656
15 0.531250 0.935547 0.257812 0.128906
