15 0.815918 0.375000 0.290039 0.212891
15 0.656738 0.173828 0.282227 0.291016
15 0.390625 0.133301 0.304688 0.258789
15 0.127441 0.136230 0.252930 0.241211
15 0.258301 0.397949 0.241211 0.221680
15 0.520996 0.375488 0.217773 0.192383
15 0.431152 0.591309 0.264648 0.243164
15 0.179688 0.582520 0.291016 0.209961
15 0.261719 0.804199 0.236328 0.258789
15 0.535156 0.805176 0.271484 0.291992
15 0.667480 0.573242 0.272461 0.292969
15 0.776855 0.803711 0.252930 0.273438
15 0.900391 0.601562 0.199219 0.259766
