15 0.386230 0.178223 0.278320 0.284180
15 0.645508 0.160645 0.312500 0.280273
15 0.135742 0.138184 0.226562 0.274414
15 0.264648 0.382812 0.300781 0.250000
15 0.520508 0.382812 0.287109 0.269531
15 0.804688 0.382812 0.259766 0.287109
15 0.905762 0.145996 0.188477 0.241211
15 0.909668 0.606445 0.180664 0.185547
15 0.661621 0.588379 0.272461 0.295898
15 0.401367 0.601074 0.263672 0.293945
15 0.248535 0.839355 0.329102 0.301758
15 0.524902 0.848633 0.270508 0.296875
15 0.795410 0.833008 0.327148 0.296875
15 0.086426 0.618652 0.153320 0.098633
