15 0.450195 0.292969 0.216797 0.199219
15 0.716797 0.295898 0.216797 0.212891
15 0.580078 0.105469 0.269531 0.208984
15 0.850586 0.116699 0.298828 0.211914
15 0.300781 0.527832 0.281250 0.243164
15 0.596191 0.513672 0.252930 0.246094
15 0.844727 0.531738 0.255859 0.231445
15 0.184570 0.740723 0.275391 0.301758
15 0.459473 0.742188 0.270508 0.267578
15 0.718262 0.751953 0.264648 0.292969
15 0.334473 0.913574 0.297852 0.172852
15 0.591309 0.922363 0.288086 0.155273
15 0.295410 0.090820 0.237305 0.179688
15 0.907715 0.288574 0.184570 0.252930
15 0.912109 0.713379 0.175781 0.293945
