15 0.050293 0.635742 0.098633 0.208984
15 0.264160 0.634277 0.223633 0.211914
15 0.546387 0.632812 0.252930 0.232422
15 0.821777 0.630859 0.291992 0.265625
15 0.151367 0.871094 0.296875 0.257812
15 0.409668 0.879883 0.270508 0.240234
15 0.699219 0.873535 0.269531 0.252930
15 0.919434 0.893066 0.161133 0.213867
15 0.917480 0.387207 0.165039 0.276367
15 0.708008 0.414551 0.230469 0.208008
15 0.416016 0.416992 0.273438 0.230469
15 0.128418 0.410645 0.243164 0.209961
15 0.062988 0.193848 0.124023 0.229492
15 0.268066 0.204590 0.245117 0.223633
15 0.512695 0.199707 0.251953 0.235352
15 0.780273 0.190918 0.230469 0.231445
